1.00,12.62500,1.14845,1,10,4.00000,8,232
1.00,10.63892,1.07459,1,11,6.00000,7,223
1.00,11.73612,1.18134,1,6,3.00000,7,178
1.00,22.88892,2.33104,1,11,6.00000,7,105
1.00,16.02775,1.30734,12,12,12.00000,8,248
1.00,11.90275,1.32115,12,12,12.00000,20,269
1.00,3.61113,0.35701,1,8,3.00000,8,228
1.00,8.75001,1.00174,2,7,4.00000,47,350
1.00,37.65275,2.94815,12,12,12.00000,63,185
1.00,10.63892,1.10695,1,11,6.00000,8,216
1.00,8.52783,0.79561,12,12,12.00000,7,200
1.00,9.34721,1.23525,1,8,2.40000,10,299
1.00,5.48612,0.57720,1,6,3.00000,8,215
1.00,10.37500,0.90004,1,10,4.00000,28,312
1.00,15.38890,1.83051,3,9,6.00000,7,243
1.00,14.38885,1.48642,3,9,6.00000,17,181
1.00,11.22222,1.21771,1,7,2.40000,11,236
1.00,19.23608,1.73184,1,9,3.00000,42,643
1.00,9.12498,0.87076,1,9,4.00000,72,174
1.00,31.15275,3.52357,12,12,12.00000,33,265
1.00,21.12500,1.82256,1,10,4.00000,13,195
1.00,9.34721,1.31705,1,8,2.40000,13,148
1.00,17.00000,1.61380,1,10,4.00000,25,210
1.00,7.25000,0.73049,1,10,4.00000,28,239
1.00,7.23608,0.55309,1,9,3.00000,33,289
1.00,10.87500,1.30210,1,10,4.00000,32,226
1.00,12.52775,1.63775,12,12,12.00000,8,272
1.00,16.11112,1.25762,1,7,3.00000,45,374
1.00,10.61108,1.17572,1,9,3.00000,11,370
1.00,18.00004,1.09708,1,8,4.00000,8,260
1.00,7.34721,0.82793,1,5,2.40000,39,378
1.00,13.38892,1.27638,1,11,6.00000,17,274
1.00,20.25000,1.67005,1,10,4.00000,9,220
1.00,10.11110,1.02085,1,8,3.00000,20,158
1.00,17.88892,1.72392,1,11,6.00000,91,195
1.00,11.22221,1.10008,1,8,2.40000,40,274
1.00,7.00002,0.64967,1,8,4.00000,14,352
1.00,5.84725,0.43523,1,8,2.40000,43,125
1.00,13.12500,1.26605,1,10,4.00000,8,193
1.00,15.38892,1.19613,4,8,6.00000,14,134
1.00,22.15275,2.20462,12,12,12.00000,14,172
1.00,9.74999,0.92073,2,7,4.00000,8,259
1.00,11.18054,0.98381,1,4,1.50000,12,584
1.00,8.13888,1.02774,1,11,6.00000,38,132
1.00,38.65275,3.39941,12,12,12.00000,7,127
1.00,28.40275,2.20223,12,12,12.00000,7,183
