3.00,16.12504,1.58939,1,7,4.00000,28,6802
3.00,10.22222,1.04393,1,7,2.40000,92,6983
3.00,13.37500,1.51494,4,4,4.00000,26,7758
3.00,11.36115,0.89831,1,8,3.00000,39,4907
3.00,12.59723,1.10313,1,6,2.40000,25,5299
3.00,15.83333,1.38333,1,7,2.00000,26,6324
3.00,12.48608,1.38737,1,9,3.00000,30,4819
3.00,9.84721,0.98210,1,8,2.40000,42,6431
3.00,12.99999,1.45248,3,5,4.00000,26,7048
3.00,6.84721,0.84701,1,8,2.40000,31,7037
3.00,5.86108,0.61937,1,9,3.00000,41,5232
3.00,8.47221,0.70685,1,4,2.40000,24,5175
3.00,17.20833,1.49243,1,4,2.00000,35,6235
3.00,19.08333,1.64695,1,4,2.00000,24,6891
3.00,31.99998,2.23158,1,6,4.00000,32,6331
3.00,7.84729,0.77180,1,6,2.40000,39,6595
3.00,8.22225,0.70962,1,6,2.40000,24,3972
3.00,11.36110,1.21612,1,5,3.00000,26,5053
3.00,11.50002,1.53765,1,9,4.00000,25,6740
3.00,8.34722,0.83702,1,7,2.40000,24,4459
3.00,27.33332,1.77132,1,3,2.00000,29,6373
3.00,10.48611,1.05605,1,7,3.00000,26,5499
