3.00,3.42986,13.88081,12,12,12.00000,34,6489
3.00,1.81319,8.51180,12,12,12.00000,42,6455
3.00,2.41215,11.64528,12,12,12.00000,38,4853
3.00,2.17413,8.65235,12,12,12.00000,27,6615
3.00,1.39132,8.67737,12,12,12.00000,30,6569
3.00,2.55903,9.65006,12,12,12.00000,27,5329
3.00,2.05400,10.04885,1,11,6.00000,25,4979
3.00,2.47205,12.92892,12,12,12.00000,48,6283
3.00,2.83611,10.26222,12,12,12.00000,26,5053
3.00,1.88455,11.53070,12,12,12.00000,29,5552
3.00,2.44705,11.40843,12,12,12.00000,29,6435
3.00,2.48767,11.28623,12,12,12.00000,26,5389
3.00,1.33455,7.86160,12,12,12.00000,38,5948
3.00,2.10694,9.75931,12,12,12.00000,39,5510
3.00,1.88768,10.79283,12,12,12.00000,27,5187
3.00,1.18837,5.17912,1,11,6.00000,26,5495
3.00,1.91840,9.95199,12,12,12.00000,30,5707
3.00,3.02570,13.35725,12,12,12.00000,31,7275
3.00,2.39965,10.48121,12,12,12.00000,39,5235
3.00,3.86580,14.31998,12,12,12.00000,60,6520
3.00,1.51319,6.11185,12,12,12.00000,30,6012
3.00,1.49497,7.13801,12,12,12.00000,43,4969
3.00,1.76476,10.26675,12,12,12.00000,35,5011
3.00,1.91840,11.56173,12,12,12.00000,36,4789
3.00,2.09722,9.31344,1,11,6.00000,75,5307
3.00,4.47048,15.86244,12,12,12.00000,43,5831
3.00,2.83195,9.70953,12,12,12.00000,30,6090
3.00,2.32205,10.51693,12,12,12.00000,42,6364
3.00,2.31736,12.16362,12,12,12.00000,44,5531
3.00,2.04236,9.13339,12,12,12.00000,26,6575
3.00,2.52309,11.81630,12,12,12.00000,31,4920
3.00,2.22101,11.23081,12,12,12.00000,26,7516
3.00,3.90173,15.13461,12,12,12.00000,31,5498
3.00,2.11337,9.23897,1,11,6.00000,58,4518
3.00,2.18559,11.63804,12,12,12.00000,27,6366
3.00,2.67882,11.02679,12,12,12.00000,28,5134
3.00,1.58455,9.05670,12,12,12.00000,29,5915
3.00,2.43038,11.55661,12,12,12.00000,101,6812
3.00,2.32830,14.73024,12,12,12.00000,37,5457
3.00,3.25070,15.33537,12,12,12.00000,27,5420
3.00,1.76163,8.44485,12,12,12.00000,38,5448
3.00,1.09340,7.34752,12,12,12.00000,37,5182
3.00,1.08872,5.90374,12,12,12.00000,28,4804
3.00,3.34601,16.00123,12,12,12.00000,31,5971
3.00,2.28559,10.53722,12,12,12.00000,28,6597
