2.00,5.18749,0.58091,1,4,2.00000,38,1291
2.00,7.43752,0.64224,1,8,4.00000,200,2908
2.00,3.04858,0.27138,1,9,3.00000,34,1590
2.00,12.25695,1.15987,1,7,3.00000,17,1688
2.00,15.34725,1.49453,1,11,6.00000,28,2815
2.00,24.49308,2.09153,4,8,6.00000,20,2681
2.00,8.88892,0.86649,1,11,6.00000,21,1829
2.00,14.65975,1.70992,1,11,6.00000,47,2400
2.00,14.62500,1.52532,1,10,4.00000,26,2976
2.00,6.84029,0.90405,1,9,3.00000,41,2379
2.00,7.28472,0.90393,1,7,2.40000,61,2029
2.00,6.60415,0.78138,1,8,4.00000,20,2029
2.00,13.02083,1.21747,1,7,4.00000,39,2261
2.00,5.81252,0.55562,3,6,4.00000,69,2502
2.00,9.75692,0.92335,1,9,3.00000,77,1393
2.00,4.40972,0.53774,1,7,2.40000,60,2503
2.00,17.83333,1.40312,1,10,4.00000,47,21564
2.00,5.51388,0.57620,1,8,2.40000,36,1993
2.00,10.53474,0.91345,1,11,6.00000,31,2152
2.00,13.27777,1.49774,1,7,3.00000,25,1670
2.00,11.04861,1.28900,1,7,3.00000,27,1984
2.00,14.02776,0.99181,1,9,3.00000,19,2382
2.00,12.33333,1.51912,1,10,4.00000,111,2304
2.00,2.97919,0.32140,1,6,2.00000,22,2278
2.00,7.93750,0.71263,1,7,2.00000,114,1210
2.00,9.75696,1.34567,1,9,3.00000,128,3774
2.00,34.06942,2.58444,12,12,12.00000,32,2348
2.00,7.53467,0.73090,1,8,2.40000,146,2389
2.00,10.23608,0.79591,1,9,3.00000,46,2123
2.00,2.02776,0.19457,1,5,1.71429,50,1870
2.00,8.17358,0.69407,1,9,3.00000,34,1765
2.00,9.80558,1.05576,1,11,6.00000,32,1925
2.00,23.11100,1.69358,12,12,12.00000,29,2701
2.00,22.50000,2.18385,1,10,4.00000,50,1654
2.00,20.61808,1.86712,1,11,6.00000,19,2362
2.00,26.02083,2.10684,1,7,4.00000,32,1914
2.00,9.39583,0.98765,1,10,4.00000,158,1441
