3.00,-Infinity,Infinity,1,10,4.00000,40,5805
1.00,33.56942,2.47726,12,12,12.00000,8,198
1.00,6.65983,0.58519,1,11,6.00000,14,267
3.00,-Infinity,Infinity,3,5,4.00000,169,6008
1.00,5.49304,0.51736,5,7,6.00000,7,144
2.00,5.18749,0.58091,1,4,2.00000,38,1291
2.00,7.43752,0.64224,1,8,4.00000,200,2908
3.00,8.21528,0.81355,1,6,3.00000,28,6333
3.00,10.31247,0.86936,1,9,4.00000,34,5423
3.00,-Infinity,Infinity,5,7,6.00000,65,4576
1.00,13.34725,1.41334,1,11,6.00000,8,179
1.00,21.69442,1.91876,12,12,12.00000,37,171
1.00,16.19442,1.35226,12,12,12.00000,11,172
3.00,7.37499,0.80872,2,7,4.00000,25,4818
1.00,10.93058,0.88871,1,11,6.00000,7,140
1.00,8.91664,0.97184,1,9,4.00000,9,216
3.00,-Infinity,Infinity,1,6,4.00000,87,5093
2.00,3.04858,0.27138,1,9,3.00000,34,1590
3.00,15.57642,1.49438,1,11,6.00000,29,5663
1.00,7.09725,0.73858,1,11,6.00000,71,249
3.00,19.32638,1.71679,5,7,6.00000,29,6347
2.00,12.25695,1.15987,1,7,3.00000,17,1688
1.00,5.85417,0.51466,1,7,2.00000,95,509
2.00,15.34725,1.49453,1,11,6.00000,28,2815
3.00,14.97917,0.98928,4,4,4.00000,28,6577
2.00,24.49308,2.09153,4,8,6.00000,20,2681
1.00,9.63892,1.03383,1,11,6.00000,14,428
1.00,8.02083,0.77151,1,10,4.00000,24,473
2.00,8.88892,0.86649,1,11,6.00000,21,1829
2.00,14.65975,1.70992,1,11,6.00000,47,2400
2.00,-Infinity,Infinity,6,6,6.00000,142,2254
2.00,-Infinity,Infinity,1,6,4.00000,51,3085
1.00,3.35417,0.36554,1,4,2.00000,7,174
2.00,14.62500,1.52532,1,10,4.00000,26,2976
2.00,6.84029,0.90405,1,9,3.00000,41,2379
2.00,7.28472,0.90393,1,7,2.40000,61,2029
1.00,7.29167,0.85725,1,10,4.00000,8,231
1.00,11.28475,1.27930,1,11,6.00000,27,216
2.00,-Infinity,Infinity,1,8,2.40000,41,3718
1.00,8.88192,0.96567,1,9,3.00000,8,251
1.00,15.40275,1.28884,12,12,12.00000,8,152
1.00,10.88192,0.93757,12,12,12.00000,7,160
2.00,6.60415,0.78138,1,8,4.00000,20,2029
3.00,11.70142,1.29965,1,11,6.00000,26,6890
2.00,-Infinity,Infinity,4,8,6.00000,74,2084
1.00,17.65975,1.33531,1,11,6.00000,33,265
1.00,8.11110,0.75936,1,7,3.00000,9,195
1.00,15.47225,1.37340,1,11,6.00000,52,531
1.00,8.86800,0.76653,1,11,6.00000,7,184
1.00,12.04858,1.34013,12,12,12.00000,27,241
3.00,21.81948,1.47685,1,8,3.00000,25,4900
1.00,24.10416,1.80173,1,10,4.00000,8,155
1.00,26.50692,2.50513,12,12,12.00000,8,229
3.00,-Infinity,Infinity,1,10,4.00000,33,5648
3.00,6.37500,0.58293,1,7,4.00000,32,3857
2.00,-Infinity,Infinity,1,10,4.00000,41,2502
3.00,-Infinity,Infinity,1,7,3.00000,156,7425
2.00,-Infinity,Infinity,1,9,3.00000,71,1616
1.00,11.43750,1.40585,1,10,4.00000,9,283
2.00,13.02083,1.21747,1,7,4.00000,39,2261
3.00,8.65279,0.83678,1,6,3.00000,26,4679
3.00,7.70142,0.66549,1,6,2.40000,33,6608
1.00,5.22915,0.49678,1,5,2.00000,65,114
3.00,7.54165,0.84196,1,8,4.00000,26,5675
2.00,5.81252,0.55562,3,6,4.00000,69,2502
2.00,9.75692,0.92335,1,9,3.00000,77,1393
1.00,8.58333,0.82961,1,7,2.00000,8,272
2.00,4.40972,0.53774,1,7,2.40000,60,2503
2.00,17.83333,1.40312,1,10,4.00000,47,21564
1.00,9.50692,0.92741,12,12,12.00000,7,126
3.00,-Infinity,Infinity,3,5,4.00000,51,5086
2.00,5.51388,0.57620,1,8,2.40000,36,1993
2.00,10.53474,0.91345,1,11,6.00000,31,2152
1.00,11.90275,1.23657,12,12,12.00000,8,189
1.00,12.41667,1.22983,1,10,4.00000,9,306
1.00,11.53475,1.19495,1,11,6.00000,9,425
2.00,13.27777,1.49774,1,7,3.00000,25,1670
2.00,11.04861,1.28900,1,7,3.00000,27,1984
1.00,10.65975,1.17967,1,11,6.00000,34,208
2.00,14.02776,0.99181,1,9,3.00000,19,2382
3.00,-Infinity,Infinity,1,6,2.40000,27,4378
1.00,4.78475,0.41911,1,8,2.40000,12,474
3.00,-Infinity,Infinity,1,10,4.00000,45,5919
2.00,-Infinity,Infinity,1,9,3.00000,109,1939
2.00,-Infinity,Infinity,1,8,3.00000,37,3197
2.00,12.33333,1.51912,1,10,4.00000,111,2304
3.00,9.54165,0.84145,1,9,4.00000,25,7201
2.00,2.97919,0.32140,1,6,2.00000,22,2278
3.00,-Infinity,Infinity,1,3,2.00000,47,4832
1.00,30.68058,2.09135,1,11,6.00000,22,170
3.00,11.89585,1.20201,1,8,4.00000,24,4355
2.00,-Infinity,Infinity,12,12,12.00000,17,1760
2.00,7.93750,0.71263,1,7,2.00000,114,1210
3.00,-Infinity,Infinity,1,8,4.00000,27,5954
3.00,-Infinity,Infinity,1,7,2.00000,60,5985
1.00,6.54862,0.78678,1,9,3.00000,18,111
2.00,9.75696,1.34567,1,9,3.00000,128,3774
3.00,-Infinity,Infinity,1,5,2.40000,40,7231
3.00,-Infinity,Infinity,12,12,12.00000,28,5981
3.00,6.74306,0.74648,1,6,2.40000,33,5498
3.00,-Infinity,Infinity,1,4,2.40000,33,5406
2.00,34.06942,2.58444,12,12,12.00000,32,2348
2.00,7.53467,0.73090,1,8,2.40000,146,2389
3.00,10.71525,0.93308,1,9,3.00000,48,6113
2.00,-Infinity,Infinity,1,7,4.00000,100,1774
2.00,10.23608,0.79591,1,9,3.00000,46,2123
3.00,-Infinity,Infinity,1,7,4.00000,59,7038
1.00,7.50692,0.66615,1,9,3.00000,25,171
1.00,10.56250,1.09586,1,4,2.00000,30,229
1.00,7.81248,0.63294,1,9,4.00000,7,137
1.00,10.54167,0.92216,1,10,4.00000,48,350
1.00,25.11805,2.11305,2,10,6.00000,20,291
1.00,14.52775,1.24519,1,9,3.00000,8,250
1.00,12.13192,1.23914,1,9,3.00000,125,162
2.00,-Infinity,Infinity,1,6,3.00000,32,3012
2.00,-Infinity,Infinity,1,7,4.00000,225,2246
3.00,13.22225,1.27028,1,11,6.00000,29,5414
2.00,-Infinity,Infinity,1,9,4.00000,136,3721
2.00,2.02776,0.19457,1,5,1.71429,50,1870
3.00,9.37499,1.15204,1,8,4.00000,35,5470
2.00,8.17358,0.69407,1,9,3.00000,34,1765
2.00,9.80558,1.05576,1,11,6.00000,32,1925
1.00,2.72221,0.29566,1,8,2.40000,9,316
1.00,1.99308,0.20907,1,8,2.40000,8,271
3.00,-Infinity,Infinity,1,8,4.00000,33,4697
2.00,23.11100,1.69358,12,12,12.00000,29,2701
3.00,9.12500,0.87918,1,7,4.00000,36,4864
3.00,-Infinity,Infinity,1,8,4.00000,27,6388
3.00,-Infinity,Infinity,4,8,6.00000,94,4441
2.00,22.50000,2.18385,1,10,4.00000,50,1654
2.00,20.61808,1.86712,1,11,6.00000,19,2362
1.00,8.58333,0.74934,1,10,4.00000,8,306
3.00,6.56946,0.54305,1,6,3.00000,34,4730
3.00,7.52080,0.77738,1,9,4.00000,31,6570
1.00,11.33342,1.05189,1,10,4.00000,9,257
3.00,-Infinity,Infinity,1,3,2.40000,235,7250
3.00,7.90277,0.92541,1,5,3.00000,29,6333
1.00,7.22225,0.73921,1,11,6.00000,74,462
3.00,4.75695,0.48555,1,6,3.00000,29,5082
1.00,6.59025,0.73634,1,9,3.00000,30,340
3.00,11.43753,0.95027,1,8,4.00000,45,6649
3.00,17.59027,1.83351,1,5,3.00000,30,5037
1.00,11.45833,1.40110,1,7,4.00000,30,203
3.00,7.19444,0.75014,1,7,3.00000,31,4761
3.00,48.38892,3.49347,1,11,6.00000,179,6766
3.00,-Infinity,Infinity,1,11,6.00000,38,5486
2.00,26.02083,2.10684,1,7,4.00000,32,1914
3.00,-Infinity,Infinity,1,7,3.00000,62,4852
2.00,9.39583,0.98765,1,10,4.00000,158,1441
3.00,6.22913,1.08857,1,10,4.00000,29,4680
