3.00,5.53455,22.96567,12,12,12.00000,25,6733
3.00,4.39861,17.50146,12,12,12.00000,35,5411
3.00,4.66110,15.80789,12,12,12.00000,51,6528
3.00,3.96502,16.64225,12,12,12.00000,27,6410
3.00,4.70564,22.27853,12,12,12.00000,27,7338
3.00,5.11189,16.04910,12,12,12.00000,51,5501
3.00,7.58924,22.92226,12,12,12.00000,42,4810
3.00,4.01424,21.36031,12,12,12.00000,176,5331
3.00,4.51971,16.57707,12,12,12.00000,40,4116
3.00,5.90564,23.40896,12,12,12.00000,58,4765
3.00,4.09705,16.58042,12,12,12.00000,31,5261
3.00,5.07283,20.55402,12,12,12.00000,30,5979
3.00,3.97439,18.57464,12,12,12.00000,27,4927
3.00,6.19002,19.42444,12,12,12.00000,21,5739
3.00,3.40017,16.10978,12,12,12.00000,28,7201
3.00,3.36502,17.05830,12,12,12.00000,30,4464
3.00,5.71268,18.49933,12,12,12.00000,36,5103
3.00,3.52127,17.16775,12,12,12.00000,27,6479
3.00,6.51736,22.90309,12,12,12.00000,27,5506
3.00,3.80174,16.58394,12,12,12.00000,79,5356
3.00,4.00877,21.81829,12,12,12.00000,27,6457
3.00,5.56736,21.08599,12,12,12.00000,29,6855
3.00,3.63768,14.90087,12,12,12.00000,29,5515
3.00,3.18611,13.18022,12,12,12.00000,53,5794
3.00,3.19549,13.90807,12,12,12.00000,39,4948
3.00,4.26893,14.85652,12,12,12.00000,27,6214
3.00,3.84930,15.98154,1,11,6.00000,26,7747
3.00,5.35564,19.13958,12,12,12.00000,30,3890
3.00,4.99314,22.73162,12,12,12.00000,25,4893
3.00,3.79158,17.04500,12,12,12.00000,37,6285
3.00,4.24470,18.43832,12,12,12.00000,37,5580
3.00,3.50017,16.37208,12,12,12.00000,49,5243
3.00,5.26658,19.39028,12,12,12.00000,27,5525
3.00,4.11658,16.83942,12,12,12.00000,68,4186
3.00,5.55486,20.68428,12,12,12.00000,33,4667
3.00,5.06806,16.97132,1,11,6.75000,30,6077
3.00,5.30877,19.47222,12,12,12.00000,26,5981
3.00,5.25955,22.15421,12,12,12.00000,27,5366
3.00,4.11345,17.10209,12,12,12.00000,26,6928
3.00,4.69471,17.62442,12,12,12.00000,28,5741
3.00,3.74158,18.02695,12,12,12.00000,28,5766
3.00,4.65486,15.88691,12,12,12.00000,34,6088
3.00,3.36971,15.61857,12,12,12.00000,35,5988
3.00,3.35017,19.85932,12,12,12.00000,47,6690
3.00,2.98446,12.25220,4,8,6.00000,46,5407
3.00,4.85017,21.00210,12,12,12.00000,52,6086
