1.00,3.99314,15.86991,12,12,12.00000,8,186
1.00,3.82830,16.19319,12,12,12.00000,56,144
1.00,8.51658,23.47885,12,12,12.00000,10,208
1.00,5.30096,17.28412,12,12,12.00000,50,215
1.00,5.87752,24.85701,12,12,12.00000,15,225
1.00,3.38689,15.03041,12,12,12.00000,34,147
1.00,5.01267,14.30756,12,12,12.00000,29,126
1.00,4.47205,19.57534,12,12,12.00000,79,175
1.00,4.69627,16.85657,12,12,12.00000,37,478
1.00,6.14314,21.85807,12,12,12.00000,9,450
1.00,2.66658,12.74208,12,12,12.00000,50,167
1.00,3.46893,13.13327,12,12,12.00000,23,180
1.00,4.37830,18.72630,12,12,12.00000,13,122
1.00,4.62986,20.68271,12,12,12.00000,18,160
1.00,5.20798,19.39828,12,12,12.00000,10,320
1.00,5.87830,19.14610,12,12,12.00000,8,151
1.00,5.62595,20.95815,12,12,12.00000,8,360
1.00,6.12986,21.20430,12,12,12.00000,37,143
1.00,4.49314,17.66997,12,12,12.00000,7,166
1.00,1.83221,7.87041,12,12,12.00000,23,257
1.00,2.84783,12.36591,12,12,12.00000,7,163
1.00,5.15486,15.93849,12,12,12.00000,8,131
1.00,2.88455,11.58599,12,12,12.00000,7,159
1.00,5.33845,16.53412,12,12,12.00000,10,300
1.00,6.34080,22.50068,12,12,12.00000,10,276
1.00,5.06658,17.99002,12,12,12.00000,44,189
1.00,9.14080,24.55040,12,12,12.00000,8,202
1.00,5.60642,17.88556,12,12,12.00000,8,160
1.00,7.19158,18.96459,12,12,12.00000,10,295
1.00,4.83767,22.96051,12,12,12.00000,7,96
1.00,5.50643,20.39653,12,12,12.00000,9,190
1.00,5.71892,25.15713,12,12,12.00000,8,237
1.00,3.80643,12.61809,12,12,12.00000,15,120
1.00,3.14080,13.09604,12,12,12.00000,29,128
1.00,5.63611,22.95988,12,12,12.00000,66,195
1.00,3.29861,15.56005,12,12,12.00000,32,241
1.00,2.74315,10.93500,12,12,12.00000,81,353
1.00,4.64705,20.66718,12,12,12.00000,17,158
1.00,6.98924,22.16772,12,12,12.00000,9,186
1.00,3.86893,17.97672,12,12,12.00000,11,427
1.00,5.64940,18.02894,12,12,12.00000,9,398
1.00,4.38767,15.92125,12,12,12.00000,8,155
1.00,5.93689,22.67476,12,12,12.00000,7,126
1.00,8.13846,23.31831,12,12,12.00000,15,130
1.00,4.07361,16.81302,12,12,12.00000,33,264
1.00,3.06814,17.34256,12,12,12.00000,11,156
1.00,6.13767,23.74700,12,12,12.00000,8,171
1.00,4.00487,14.29791,12,12,12.00000,8,198
1.00,3.64471,15.13847,12,12,12.00000,8,155
1.00,3.61814,15.19780,12,12,12.00000,8,122
