2.00,2.43142,13.55025,12,12,12.00000,151,2576
2.00,1.85070,9.68475,12,12,12.00000,84,1885
2.00,1.71111,9.65849,12,12,12.00000,13,964
2.00,1.44097,8.26537,1,11,6.00000,85,1923
2.00,2.69757,12.74350,12,12,12.00000,61,2230
2.00,2.45017,10.71651,12,12,12.00000,31,1781
2.00,2.07049,9.69405,12,12,12.00000,30,1840
2.00,1.90538,8.81291,12,12,12.00000,108,2241
2.00,2.53507,12.13164,12,12,12.00000,65,2242
2.00,1.58038,8.75304,12,12,12.00000,20,837
2.00,2.01996,10.71362,12,12,12.00000,38,2358
2.00,2.28298,10.11989,12,12,12.00000,21,1524
2.00,1.93299,9.40436,12,12,12.00000,30,1565
2.00,2.96060,10.83578,12,12,12.00000,21,2645
2.00,1.90278,13.71989,12,12,12.00000,22,2462
2.00,2.44132,9.55156,12,12,12.00000,36,2250
2.00,2.20278,11.83495,12,12,12.00000,21,2318
2.00,2.05330,9.40241,12,12,12.00000,22,2044
2.00,1.65538,9.28796,12,12,12.00000,18,1532
2.00,1.85903,7.75185,12,12,12.00000,97,2429
2.00,2.72048,12.30553,12,12,12.00000,35,2202
2.00,1.80121,10.37292,12,12,12.00000,53,2543
2.00,1.69705,9.36464,12,12,12.00000,18,1693
2.00,1.45954,8.74770,12,12,12.00000,53,2260
2.00,3.81111,13.99937,12,12,12.00000,18,1776
2.00,2.16163,10.40497,12,12,12.00000,20,2746
2.00,2.87153,12.83244,12,12,12.00000,15,1103
2.00,2.46996,11.39216,12,12,12.00000,28,1747
2.00,2.61163,11.86348,1,12,6.50000,42,1888
2.00,1.49861,8.16172,12,12,12.00000,75,2174
2.00,2.60538,11.36634,12,12,12.00000,25,2477
2.00,1.70903,8.37973,12,12,12.00000,146,1591
2.00,2.66892,13.83010,12,12,12.00000,20,1979
2.00,2.61267,12.30308,12,12,12.00000,19,2818
2.00,1.58351,7.33726,12,12,12.00000,58,1941
2.00,3.03090,9.61015,12,12,12.00000,25,2653
2.00,3.84132,14.76661,7,12,9.00000,21,2164
2.00,1.23976,6.07677,12,12,12.00000,20,2762
2.00,1.89132,8.01991,12,12,12.00000,20,2872
2.00,2.70330,11.37583,12,12,12.00000,20,1871
2.00,1.00799,5.74215,12,12,12.00000,20,2354
2.00,2.22986,10.66973,12,12,12.00000,21,2006
2.00,1.83924,8.82128,12,12,12.00000,57,1952
2.00,2.23976,11.80632,12,12,12.00000,23,2444
2.00,2.67569,10.24719,12,12,12.00000,19,2893
2.00,1.83559,10.21041,12,12,12.00000,17,2057
2.00,1.69236,9.61313,12,12,12.00000,83,2201
