2.00,9.36110,0.99072,1,4,3.00000,76,1910
2.00,12.34723,0.94871,1,7,2.40000,26,1763
2.00,8.48610,0.76884,1,5,3.00000,123,2012
2.00,8.48612,0.66086,1,7,3.00000,32,2112
2.00,12.59721,1.24697,1,5,2.40000,21,2229
2.00,5.50000,0.46214,1,10,4.00000,46,2641
2.00,9.12502,1.05639,1,6,4.00000,22,2470
2.00,5.37500,0.51571,1,6,4.00000,20,2513
2.00,22.75000,2.27159,1,10,4.00000,18,1869
2.00,16.51389,1.40064,2,10,6.00000,26,2978
2.00,11.34721,1.26467,1,8,2.40000,24,2035
2.00,8.73614,0.86237,1,8,3.00000,38,1633
2.00,11.37499,1.56125,1,8,4.00000,20,2160
2.00,22.62500,1.36147,1,10,4.00000,31,1913
2.00,13.25002,1.84841,1,9,4.00000,71,2400
2.00,3.04167,0.32152,1,4,1.33333,70,1852
2.00,6.97223,0.52466,1,7,2.40000,18,2219
2.00,17.61112,1.87865,1,6,3.00000,53,3107
2.00,11.12500,1.16928,1,6,4.00000,18,2270
2.00,11.25000,1.05333,1,10,4.00000,43,2534
2.00,5.97225,0.50339,1,4,2.40000,25,3136
2.00,15.11108,1.49723,1,5,3.00000,30,2808
2.00,37.87500,3.52551,1,10,4.00000,19,2247
2.00,10.73610,0.78038,1,5,3.00000,22,2240
2.00,9.22221,1.06911,1,4,2.40000,45,2770
