3.00,3.42986,13.88081,12,12,12.00000,34,6489
2.00,2.43142,13.55025,12,12,12.00000,151,2576
2.00,1.85070,9.68475,12,12,12.00000,84,1885
3.00,-Infinity,Infinity,12,12,12.00000,118,7049
3.00,1.81319,8.51180,12,12,12.00000,42,6455
3.00,2.41215,11.64528,12,12,12.00000,38,4853
3.00,2.17413,8.65235,12,12,12.00000,27,6615
1.00,1.34861,7.25364,12,12,12.00000,8,179
2.00,1.71111,9.65849,12,12,12.00000,13,964
2.00,1.44097,8.26537,1,11,6.00000,85,1923
1.00,1.85851,9.53004,12,12,12.00000,18,151
1.00,2.34705,9.96734,12,12,12.00000,11,261
2.00,2.69757,12.74350,12,12,12.00000,61,2230
1.00,1.90955,9.38282,12,12,12.00000,11,328
2.00,2.45017,10.71651,12,12,12.00000,31,1781
1.00,2.83820,10.54378,12,12,12.00000,54,213
2.00,2.07049,9.69405,12,12,12.00000,30,1840
1.00,1.92570,10.72034,12,12,12.00000,7,189
2.00,1.90538,8.81291,12,12,12.00000,108,2241
3.00,-Infinity,Infinity,12,12,12.00000,28,5182
1.00,1.57986,7.59966,12,12,12.00000,43,204
1.00,1.93507,8.45103,12,12,12.00000,7,112
2.00,2.53507,12.13164,12,12,12.00000,65,2242
3.00,1.39132,8.67737,12,12,12.00000,30,6569
2.00,1.58038,8.75304,12,12,12.00000,20,837
2.00,2.01996,10.71362,12,12,12.00000,38,2358
1.00,1.52587,8.39519,1,11,6.00000,13,402
1.00,2.67830,12.57047,12,12,12.00000,8,146
1.00,2.07986,9.55868,12,12,12.00000,12,240
3.00,2.55903,9.65006,12,12,12.00000,27,5329
2.00,-Infinity,Infinity,9,12,10.50000,20,1830
3.00,2.05400,10.04885,1,11,6.00000,25,4979
1.00,2.28924,11.21345,12,12,12.00000,8,214
3.00,2.47205,12.92892,12,12,12.00000,48,6283
2.00,2.28298,10.11989,12,12,12.00000,21,1524
3.00,-Infinity,Infinity,12,12,12.00000,57,4747
3.00,2.83611,10.26222,12,12,12.00000,26,5053
3.00,1.88455,11.53070,12,12,12.00000,29,5552
1.00,1.71962,8.20188,1,11,6.00000,9,284
1.00,1.17518,7.40341,12,12,12.00000,9,390
1.00,2.76528,12.64638,12,12,12.00000,8,203
2.00,1.93299,9.40436,12,12,12.00000,30,1565
1.00,1.11268,6.04561,12,12,12.00000,40,251
1.00,1.80902,9.55076,12,12,12.00000,12,267
3.00,2.44705,11.40843,12,12,12.00000,29,6435
2.00,2.96060,10.83578,12,12,12.00000,21,2645
3.00,-Infinity,Infinity,12,12,12.00000,158,6628
3.00,2.48767,11.28623,12,12,12.00000,26,5389
2.00,1.90278,13.71989,12,12,12.00000,22,2462
1.00,1.77570,10.53500,12,12,12.00000,12,124
1.00,2.25174,8.59817,12,12,12.00000,10,192
3.00,1.33455,7.86160,12,12,12.00000,38,5948
2.00,2.44132,9.55156,12,12,12.00000,36,2250
2.00,2.20278,11.83495,12,12,12.00000,21,2318
2.00,2.05330,9.40241,12,12,12.00000,22,2044
3.00,2.10694,9.75931,12,12,12.00000,39,5510
3.00,1.88768,10.79283,12,12,12.00000,27,5187
1.00,2.09392,11.18747,12,12,12.00000,44,391
2.00,1.65538,9.28796,12,12,12.00000,18,1532
2.00,1.85903,7.75185,12,12,12.00000,97,2429
3.00,1.18837,5.17912,1,11,6.00000,26,5495
3.00,1.91840,9.95199,12,12,12.00000,30,5707
2.00,2.72048,12.30553,12,12,12.00000,35,2202
3.00,3.02570,13.35725,12,12,12.00000,31,7275
1.00,3.32674,11.41839,12,12,12.00000,20,167
3.00,2.39965,10.48121,12,12,12.00000,39,5235
2.00,1.80121,10.37292,12,12,12.00000,53,2543
1.00,2.78351,11.41319,12,12,12.00000,10,260
1.00,1.57517,8.60603,12,12,12.00000,34,109
2.00,1.69705,9.36464,12,12,12.00000,18,1693
3.00,3.86580,14.31998,12,12,12.00000,60,6520
1.00,2.27569,11.46535,12,12,12.00000,8,200
3.00,1.51319,6.11185,12,12,12.00000,30,6012
3.00,1.49497,7.13801,12,12,12.00000,43,4969
1.00,2.20226,9.47929,12,12,12.00000,10,284
3.00,1.76476,10.26675,12,12,12.00000,35,5011
1.00,3.46007,12.52466,12,12,12.00000,39,152
3.00,1.91840,11.56173,12,12,12.00000,36,4789
1.00,2.44392,10.70844,12,12,12.00000,18,130
1.00,1.82986,9.11915,12,12,12.00000,7,156
3.00,2.09722,9.31344,1,11,6.00000,75,5307
1.00,1.64809,8.71597,12,12,12.00000,83,197
1.00,2.11163,8.20483,12,12,12.00000,17,126
2.00,1.45954,8.74770,12,12,12.00000,53,2260
2.00,3.81111,13.99937,12,12,12.00000,18,1776
1.00,2.96372,12.73318,12,12,12.00000,32,116
2.00,2.16163,10.40497,12,12,12.00000,20,2746
2.00,2.87153,12.83244,12,12,12.00000,15,1103
1.00,1.34236,5.62123,12,12,12.00000,68,166
2.00,2.46996,11.39216,12,12,12.00000,28,1747
3.00,4.47048,15.86244,12,12,12.00000,43,5831
3.00,2.83195,9.70953,12,12,12.00000,30,6090
1.00,2.52152,14.00807,12,12,12.00000,23,151
1.00,1.88090,9.06277,12,12,12.00000,24,278
1.00,1.65590,8.22381,12,12,12.00000,13,102
3.00,2.32205,10.51693,12,12,12.00000,42,6364
2.00,2.61163,11.86348,1,12,6.50000,42,1888
2.00,1.49861,8.16172,12,12,12.00000,75,2174
2.00,2.60538,11.36634,12,12,12.00000,25,2477
2.00,1.70903,8.37973,12,12,12.00000,146,1591
1.00,1.71580,11.16081,12,12,12.00000,8,192
2.00,2.66892,13.83010,12,12,12.00000,20,1979
2.00,2.61267,12.30308,12,12,12.00000,19,2818
3.00,2.31736,12.16362,12,12,12.00000,44,5531
1.00,1.84809,11.39844,12,12,12.00000,58,221
3.00,-Infinity,Infinity,12,12,12.00000,27,5392
2.00,1.58351,7.33726,12,12,12.00000,58,1941
2.00,3.03090,9.61015,12,12,12.00000,25,2653
2.00,3.84132,14.76661,7,12,9.00000,21,2164
3.00,2.04236,9.13339,12,12,12.00000,26,6575
1.00,1.76892,8.34439,12,12,12.00000,7,260
1.00,1.76077,8.28535,1,11,6.00000,11,507
2.00,1.23976,6.07677,12,12,12.00000,20,2762
2.00,1.89132,8.01991,12,12,12.00000,20,2872
3.00,2.52309,11.81630,12,12,12.00000,31,4920
3.00,2.22101,11.23081,12,12,12.00000,26,7516
3.00,3.90173,15.13461,12,12,12.00000,31,5498
2.00,2.70330,11.37583,12,12,12.00000,20,1871
1.00,1.96163,8.50572,12,12,12.00000,8,175
1.00,1.99705,9.34702,12,12,12.00000,8,192
1.00,2.20486,8.84876,12,12,12.00000,11,448
2.00,1.00799,5.74215,12,12,12.00000,20,2354
3.00,2.11337,9.23897,1,11,6.00000,58,4518
1.00,1.40642,8.67521,12,12,12.00000,58,267
3.00,2.18559,11.63804,12,12,12.00000,27,6366
3.00,2.67882,11.02679,12,12,12.00000,28,5134
3.00,1.58455,9.05670,12,12,12.00000,29,5915
1.00,2.13559,9.17136,12,12,12.00000,8,175
3.00,2.43038,11.55661,12,12,12.00000,101,6812
3.00,2.32830,14.73024,12,12,12.00000,37,5457
2.00,2.22986,10.66973,12,12,12.00000,21,2006
1.00,1.86788,9.33795,12,12,12.00000,7,185
3.00,3.25070,15.33537,12,12,12.00000,27,5420
1.00,2.00590,9.57376,12,12,12.00000,9,174
2.00,1.83924,8.82128,12,12,12.00000,57,1952
3.00,1.76163,8.44485,12,12,12.00000,38,5448
2.00,2.23976,11.80632,12,12,12.00000,23,2444
2.00,2.67569,10.24719,12,12,12.00000,19,2893
2.00,-Infinity,Infinity,12,12,12.00000,102,2389
2.00,1.83559,10.21041,12,12,12.00000,17,2057
3.00,1.09340,7.34752,12,12,12.00000,37,5182
1.00,2.69757,10.17930,12,12,12.00000,29,213
2.00,-Infinity,Infinity,12,12,12.00000,86,2758
1.00,2.66736,11.46404,12,12,12.00000,11,180
2.00,1.69236,9.61313,12,12,12.00000,83,2201
1.00,2.14757,9.09485,12,12,12.00000,7,166
3.00,1.08872,5.90374,12,12,12.00000,28,4804
1.00,1.99149,10.39012,1,11,6.00000,7,298
3.00,3.34601,16.00123,12,12,12.00000,31,5971
3.00,2.28559,10.53722,12,12,12.00000,28,6597
