1.00,33.56942,2.47726,12,12,12.00000,8,198
1.00,6.65983,0.58519,1,11,6.00000,14,267
1.00,5.49304,0.51736,5,7,6.00000,7,144
1.00,13.34725,1.41334,1,11,6.00000,8,179
1.00,21.69442,1.91876,12,12,12.00000,37,171
1.00,16.19442,1.35226,12,12,12.00000,11,172
1.00,10.93058,0.88871,1,11,6.00000,7,140
1.00,8.91664,0.97184,1,9,4.00000,9,216
1.00,7.09725,0.73858,1,11,6.00000,71,249
1.00,5.85417,0.51466,1,7,2.00000,95,509
1.00,9.63892,1.03383,1,11,6.00000,14,428
1.00,8.02083,0.77151,1,10,4.00000,24,473
1.00,3.35417,0.36554,1,4,2.00000,7,174
1.00,7.29167,0.85725,1,10,4.00000,8,231
1.00,11.28475,1.27930,1,11,6.00000,27,216
1.00,8.88192,0.96567,1,9,3.00000,8,251
1.00,15.40275,1.28884,12,12,12.00000,8,152
1.00,10.88192,0.93757,12,12,12.00000,7,160
1.00,17.65975,1.33531,1,11,6.00000,33,265
1.00,8.11110,0.75936,1,7,3.00000,9,195
1.00,15.47225,1.37340,1,11,6.00000,52,531
1.00,8.86800,0.76653,1,11,6.00000,7,184
1.00,12.04858,1.34013,12,12,12.00000,27,241
1.00,24.10416,1.80173,1,10,4.00000,8,155
1.00,26.50692,2.50513,12,12,12.00000,8,229
1.00,11.43750,1.40585,1,10,4.00000,9,283
1.00,5.22915,0.49678,1,5,2.00000,65,114
1.00,8.58333,0.82961,1,7,2.00000,8,272
1.00,9.50692,0.92741,12,12,12.00000,7,126
1.00,11.90275,1.23657,12,12,12.00000,8,189
1.00,12.41667,1.22983,1,10,4.00000,9,306
1.00,11.53475,1.19495,1,11,6.00000,9,425
1.00,10.65975,1.17967,1,11,6.00000,34,208
1.00,4.78475,0.41911,1,8,2.40000,12,474
1.00,30.68058,2.09135,1,11,6.00000,22,170
1.00,6.54862,0.78678,1,9,3.00000,18,111
1.00,7.50692,0.66615,1,9,3.00000,25,171
1.00,10.56250,1.09586,1,4,2.00000,30,229
1.00,7.81248,0.63294,1,9,4.00000,7,137
1.00,10.54167,0.92216,1,10,4.00000,48,350
1.00,25.11805,2.11305,2,10,6.00000,20,291
1.00,14.52775,1.24519,1,9,3.00000,8,250
1.00,12.13192,1.23914,1,9,3.00000,125,162
1.00,2.72221,0.29566,1,8,2.40000,9,316
1.00,1.99308,0.20907,1,8,2.40000,8,271
1.00,8.58333,0.74934,1,10,4.00000,8,306
1.00,11.33342,1.05189,1,10,4.00000,9,257
1.00,7.22225,0.73921,1,11,6.00000,74,462
1.00,6.59025,0.73634,1,9,3.00000,30,340
1.00,11.45833,1.40110,1,7,4.00000,30,203
