3.00,8.21528,0.81355,1,6,3.00000,28,6333
3.00,10.31247,0.86936,1,9,4.00000,34,5423
3.00,7.37499,0.80872,2,7,4.00000,25,4818
3.00,15.57642,1.49438,1,11,6.00000,29,5663
3.00,19.32638,1.71679,5,7,6.00000,29,6347
3.00,14.97917,0.98928,4,4,4.00000,28,6577
3.00,11.70142,1.29965,1,11,6.00000,26,6890
3.00,21.81948,1.47685,1,8,3.00000,25,4900
3.00,6.37500,0.58293,1,7,4.00000,32,3857
3.00,8.65279,0.83678,1,6,3.00000,26,4679
3.00,7.70142,0.66549,1,6,2.40000,33,6608
3.00,7.54165,0.84196,1,8,4.00000,26,5675
3.00,9.54165,0.84145,1,9,4.00000,25,7201
3.00,11.89585,1.20201,1,8,4.00000,24,4355
3.00,6.74306,0.74648,1,6,2.40000,33,5498
3.00,10.71525,0.93308,1,9,3.00000,48,6113
3.00,13.22225,1.27028,1,11,6.00000,29,5414
3.00,9.37499,1.15204,1,8,4.00000,35,5470
3.00,9.12500,0.87918,1,7,4.00000,36,4864
3.00,6.56946,0.54305,1,6,3.00000,34,4730
3.00,7.52080,0.77738,1,9,4.00000,31,6570
3.00,7.90277,0.92541,1,5,3.00000,29,6333
3.00,4.75695,0.48555,1,6,3.00000,29,5082
3.00,11.43753,0.95027,1,8,4.00000,45,6649
3.00,17.59027,1.83351,1,5,3.00000,30,5037
3.00,7.19444,0.75014,1,7,3.00000,31,4761
3.00,48.38892,3.49347,1,11,6.00000,179,6766
3.00,6.22913,1.08857,1,10,4.00000,29,4680
