2.00,6.32283,23.17314,12,12,12.00000,106,2252
2.00,5.70408,20.14686,12,12,12.00000,35,2110
2.00,-Infinity,Infinity,12,12,12.00000,20,2264
2.00,4.49705,16.46095,12,12,12.00000,53,2520
2.00,7.15330,22.87682,12,12,12.00000,27,1791
3.00,5.53455,22.96567,12,12,12.00000,25,6733
1.00,3.99314,15.86991,12,12,12.00000,8,186
2.00,3.77048,13.49614,12,12,12.00000,38,3093
2.00,4.76033,19.19184,12,12,12.00000,22,2106
1.00,3.82830,16.19319,12,12,12.00000,56,144
1.00,8.51658,23.47885,12,12,12.00000,10,208
2.00,4.54002,20.64230,12,12,12.00000,56,2328
1.00,5.30096,17.28412,12,12,12.00000,50,215
2.00,5.43846,18.40864,12,12,12.00000,25,2454
2.00,-Infinity,Infinity,12,12,12.00000,52,2234
3.00,-Infinity,Infinity,12,12,12.00000,28,7524
3.00,4.39861,17.50146,12,12,12.00000,35,5411
1.00,5.87752,24.85701,12,12,12.00000,15,225
1.00,3.38689,15.03041,12,12,12.00000,34,147
2.00,5.03220,18.79770,12,12,12.00000,34,2026
2.00,3.42126,15.61051,12,12,12.00000,92,1653
3.00,4.66110,15.80789,12,12,12.00000,51,6528
2.00,3.77674,15.50923,12,12,12.00000,19,1914
2.00,5.97830,20.28422,12,12,12.00000,39,2588
2.00,5.10642,18.90229,12,12,12.00000,26,2394
3.00,3.96502,16.64225,12,12,12.00000,27,6410
3.00,4.70564,22.27853,12,12,12.00000,27,7338
2.00,3.07986,12.70619,12,12,12.00000,34,2758
1.00,5.01267,14.30756,12,12,12.00000,29,126
2.00,4.81892,16.01678,12,12,12.00000,92,2217
1.00,4.47205,19.57534,12,12,12.00000,79,175
1.00,4.69627,16.85657,12,12,12.00000,37,478
1.00,6.14314,21.85807,12,12,12.00000,9,450
1.00,2.66658,12.74208,12,12,12.00000,50,167
1.00,3.46893,13.13327,12,12,12.00000,23,180
1.00,4.37830,18.72630,12,12,12.00000,13,122
2.00,4.47205,17.06582,12,12,12.00000,20,2027
1.00,4.62986,20.68271,12,12,12.00000,18,160
2.00,2.38533,9.79288,12,12,12.00000,28,1386
3.00,5.11189,16.04910,12,12,12.00000,51,5501
3.00,7.58924,22.92226,12,12,12.00000,42,4810
1.00,5.20798,19.39828,12,12,12.00000,10,320
2.00,2.78221,12.16223,12,12,12.00000,20,2285
3.00,4.01424,21.36031,12,12,12.00000,176,5331
3.00,4.51971,16.57707,12,12,12.00000,40,4116
2.00,7.49861,21.18017,12,12,12.00000,22,1846
2.00,3.62517,13.70292,12,12,12.00000,20,1822
3.00,5.90564,23.40896,12,12,12.00000,58,4765
3.00,4.09705,16.58042,12,12,12.00000,31,5261
3.00,5.07283,20.55402,12,12,12.00000,30,5979
3.00,3.97439,18.57464,12,12,12.00000,27,4927
3.00,6.19002,19.42444,12,12,12.00000,21,5739
3.00,3.40017,16.10978,12,12,12.00000,28,7201
3.00,3.36502,17.05830,12,12,12.00000,30,4464
1.00,5.87830,19.14610,12,12,12.00000,8,151
2.00,3.57283,16.62385,12,12,12.00000,47,2021
2.00,3.80486,15.26332,12,12,12.00000,20,2559
3.00,5.71268,18.49933,12,12,12.00000,36,5103
1.00,5.62595,20.95815,12,12,12.00000,8,360
1.00,6.12986,21.20430,12,12,12.00000,37,143
2.00,-Infinity,Infinity,12,12,12.00000,24,1878
3.00,-Infinity,Infinity,12,12,12.00000,65,6396
1.00,4.49314,17.66997,12,12,12.00000,7,166
2.00,3.93220,16.09292,12,12,12.00000,20,3401
1.00,1.83221,7.87041,12,12,12.00000,23,257
1.00,2.84783,12.36591,12,12,12.00000,7,163
3.00,3.52127,17.16775,12,12,12.00000,27,6479
3.00,6.51736,22.90309,12,12,12.00000,27,5506
1.00,5.15486,15.93849,12,12,12.00000,8,131
1.00,2.88455,11.58599,12,12,12.00000,7,159
2.00,3.02361,14.70393,12,12,12.00000,45,2019
2.00,2.52361,13.58318,12,12,12.00000,59,2760
1.00,5.33845,16.53412,12,12,12.00000,10,300
3.00,3.80174,16.58394,12,12,12.00000,79,5356
3.00,4.00877,21.81829,12,12,12.00000,27,6457
1.00,6.34080,22.50068,12,12,12.00000,10,276
1.00,5.06658,17.99002,12,12,12.00000,44,189
3.00,5.56736,21.08599,12,12,12.00000,29,6855
3.00,3.63768,14.90087,12,12,12.00000,29,5515
1.00,9.14080,24.55040,12,12,12.00000,8,202
2.00,2.80173,16.72444,12,12,12.00000,51,1483
3.00,-Infinity,Infinity,12,12,12.00000,27,6434
3.00,3.18611,13.18022,12,12,12.00000,53,5794
1.00,5.60642,17.88556,12,12,12.00000,8,160
2.00,4.82596,17.02888,12,12,12.00000,29,1916
1.00,7.19158,18.96459,12,12,12.00000,10,295
3.00,-Infinity,Infinity,12,12,12.00000,26,5968
3.00,3.19549,13.90807,12,12,12.00000,39,4948
1.00,4.83767,22.96051,12,12,12.00000,7,96
3.00,4.26893,14.85652,12,12,12.00000,27,6214
3.00,3.84930,15.98154,1,11,6.00000,26,7747
1.00,5.50643,20.39653,12,12,12.00000,9,190
2.00,5.36033,21.13552,12,12,12.00000,78,2467
1.00,5.71892,25.15713,12,12,12.00000,8,237
2.00,4.50017,20.53041,12,12,12.00000,24,2121
1.00,3.80643,12.61809,12,12,12.00000,15,120
1.00,3.14080,13.09604,12,12,12.00000,29,128
1.00,5.63611,22.95988,12,12,12.00000,66,195
3.00,5.35564,19.13958,12,12,12.00000,30,3890
2.00,4.58533,16.66161,12,12,12.00000,41,2098
1.00,3.29861,15.56005,12,12,12.00000,32,241
2.00,4.28524,17.67452,1,11,6.00000,19,2058
2.00,4.00252,18.79736,12,12,12.00000,32,2544
2.00,3.64549,15.34437,12,12,12.00000,55,2036
3.00,4.99314,22.73162,12,12,12.00000,25,4893
1.00,2.74315,10.93500,12,12,12.00000,81,353
3.00,3.79158,17.04500,12,12,12.00000,37,6285
3.00,4.24470,18.43832,12,12,12.00000,37,5580
2.00,4.89002,16.55922,12,12,12.00000,98,1574
3.00,3.50017,16.37208,12,12,12.00000,49,5243
3.00,5.26658,19.39028,12,12,12.00000,27,5525
3.00,4.11658,16.83942,12,12,12.00000,68,4186
1.00,4.64705,20.66718,12,12,12.00000,17,158
2.00,4.26971,18.43060,12,12,12.00000,22,1773
2.00,4.12049,23.34656,12,12,12.00000,28,2179
2.00,3.24939,15.98408,12,12,12.00000,21,1725
3.00,5.55486,20.68428,12,12,12.00000,33,4667
2.00,2.49627,10.73808,12,12,12.00000,36,2253
1.00,6.98924,22.16772,12,12,12.00000,9,186
1.00,3.86893,17.97672,12,12,12.00000,11,427
2.00,4.12361,16.32204,12,12,12.00000,19,1979
3.00,5.06806,16.97132,1,11,6.75000,30,6077
3.00,5.30877,19.47222,12,12,12.00000,26,5981
1.00,5.64940,18.02894,12,12,12.00000,9,398
3.00,5.25955,22.15421,12,12,12.00000,27,5366
2.00,6.09783,25.04242,12,12,12.00000,85,2849
1.00,4.38767,15.92125,12,12,12.00000,8,155
3.00,4.11345,17.10209,12,12,12.00000,26,6928
2.00,-Infinity,Infinity,12,12,12.00000,25,1530
3.00,4.69471,17.62442,12,12,12.00000,28,5741
2.00,4.13298,15.70404,7,12,9.00000,22,2371
3.00,3.74158,18.02695,12,12,12.00000,28,5766
2.00,7.22830,23.99372,12,12,12.00000,209,2596
3.00,4.65486,15.88691,12,12,12.00000,34,6088
1.00,5.93689,22.67476,12,12,12.00000,7,126
1.00,8.13846,23.31831,12,12,12.00000,15,130
1.00,4.07361,16.81302,12,12,12.00000,33,264
3.00,3.36971,15.61857,12,12,12.00000,35,5988
1.00,3.06814,17.34256,12,12,12.00000,11,156
2.00,2.67283,11.61468,12,12,12.00000,20,2304
1.00,6.13767,23.74700,12,12,12.00000,8,171
1.00,4.00487,14.29791,12,12,12.00000,8,198
2.00,5.21580,20.82415,12,12,12.00000,28,1991
2.00,3.54939,16.18705,12,12,12.00000,22,1954
3.00,3.35017,19.85932,12,12,12.00000,47,6690
1.00,3.64471,15.13847,12,12,12.00000,8,155
3.00,2.98446,12.25220,4,8,6.00000,46,5407
3.00,4.85017,21.00210,12,12,12.00000,52,6086
1.00,3.61814,15.19780,12,12,12.00000,8,122
2.00,3.78611,13.45053,12,12,12.00000,67,1909
