3.00,16.12504,1.58939,1,7,4.00000,28,6802
3.00,-Infinity,Infinity,1,6,3.00000,42,5274
3.00,10.22222,1.04393,1,7,2.40000,92,6983
1.00,12.62500,1.14845,1,10,4.00000,8,232
2.00,-Infinity,Infinity,1,6,4.00000,141,2459
3.00,13.37500,1.51494,4,4,4.00000,26,7758
2.00,-Infinity,Infinity,1,5,3.00000,57,2418
1.00,10.63892,1.07459,1,11,6.00000,7,223
3.00,-Infinity,Infinity,1,6,3.00000,205,4784
3.00,-Infinity,Infinity,1,9,4.00000,37,6498
3.00,-Infinity,Infinity,1,7,4.00000,155,5533
3.00,11.36115,0.89831,1,8,3.00000,39,4907
3.00,12.59723,1.10313,1,6,2.40000,25,5299
1.00,11.73612,1.18134,1,6,3.00000,7,178
2.00,-Infinity,Infinity,1,4,2.00000,34,3407
1.00,22.88892,2.33104,1,11,6.00000,7,105
2.00,-Infinity,Infinity,1,6,2.40000,50,1734
1.00,16.02775,1.30734,12,12,12.00000,8,248
3.00,-Infinity,Infinity,1,4,2.40000,112,5722
3.00,-Infinity,Infinity,1,6,2.40000,88,5310
2.00,9.36110,0.99072,1,4,3.00000,76,1910
3.00,-Infinity,Infinity,1,6,3.00000,105,4046
3.00,-Infinity,Infinity,1,5,2.40000,65,4635
3.00,15.83333,1.38333,1,7,2.00000,26,6324
2.00,-Infinity,Infinity,2,6,4.00000,103,1712
2.00,-Infinity,Infinity,1,11,6.00000,33,1433
3.00,12.48608,1.38737,1,9,3.00000,30,4819
2.00,-Infinity,Infinity,4,8,6.00000,145,2501
3.00,9.84721,0.98210,1,8,2.40000,42,6431
3.00,12.99999,1.45248,3,5,4.00000,26,7048
2.00,-Infinity,Infinity,1,6,3.00000,44,1271
3.00,-Infinity,Infinity,1,7,2.00000,36,4971
1.00,11.90275,1.32115,12,12,12.00000,20,269
3.00,6.84721,0.84701,1,8,2.40000,31,7037
1.00,3.61113,0.35701,1,8,3.00000,8,228
1.00,8.75001,1.00174,2,7,4.00000,47,350
1.00,37.65275,2.94815,12,12,12.00000,63,185
2.00,12.34723,0.94871,1,7,2.40000,26,1763
2.00,-Infinity,Infinity,1,8,4.00000,69,1798
1.00,10.63892,1.10695,1,11,6.00000,8,216
2.00,8.48610,0.76884,1,5,3.00000,123,2012
2.00,-Infinity,Infinity,1,5,2.40000,67,1325
2.00,8.48612,0.66086,1,7,3.00000,32,2112
2.00,12.59721,1.24697,1,5,2.40000,21,2229
1.00,-Infinity,Infinity,1,6,2.40000,148,124
1.00,8.52783,0.79561,12,12,12.00000,7,200
1.00,9.34721,1.23525,1,8,2.40000,10,299
2.00,-Infinity,Infinity,1,5,2.40000,85,1797
1.00,5.48612,0.57720,1,6,3.00000,8,215
2.00,-Infinity,Infinity,1,11,6.00000,28,2621
3.00,-Infinity,Infinity,1,6,4.00000,142,5542
2.00,-Infinity,Infinity,1,6,4.00000,108,2549
3.00,-Infinity,Infinity,1,6,3.00000,40,6165
3.00,-Infinity,Infinity,1,9,3.00000,43,5460
2.00,-Infinity,Infinity,3,5,4.00000,92,2502
1.00,10.37500,0.90004,1,10,4.00000,28,312
2.00,5.50000,0.46214,1,10,4.00000,46,2641
2.00,9.12502,1.05639,1,6,4.00000,22,2470
3.00,5.86108,0.61937,1,9,3.00000,41,5232
1.00,15.38890,1.83051,3,9,6.00000,7,243
3.00,-Infinity,Infinity,1,6,3.00000,121,5586
1.00,14.38885,1.48642,3,9,6.00000,17,181
1.00,11.22222,1.21771,1,7,2.40000,11,236
2.00,-Infinity,Infinity,1,11,6.00000,31,2121
1.00,19.23608,1.73184,1,9,3.00000,42,643
2.00,5.37500,0.51571,1,6,4.00000,20,2513
1.00,9.12498,0.87076,1,9,4.00000,72,174
1.00,31.15275,3.52357,12,12,12.00000,33,265
2.00,-Infinity,Infinity,1,8,4.00000,72,2403
3.00,8.47221,0.70685,1,4,2.40000,24,5175
2.00,22.75000,2.27159,1,10,4.00000,18,1869
2.00,16.51389,1.40064,2,10,6.00000,26,2978
3.00,-Infinity,Infinity,1,4,2.40000,78,4872
3.00,-Infinity,Infinity,1,7,4.00000,67,5185
3.00,17.20833,1.49243,1,4,2.00000,35,6235
1.00,21.12500,1.82256,1,10,4.00000,13,195
2.00,11.34721,1.26467,1,8,2.40000,24,2035
3.00,19.08333,1.64695,1,4,2.00000,24,6891
1.00,-Infinity,Infinity,1,8,4.00000,30,222
1.00,9.34721,1.31705,1,8,2.40000,13,148
2.00,8.73614,0.86237,1,8,3.00000,38,1633
1.00,17.00000,1.61380,1,10,4.00000,25,210
2.00,11.37499,1.56125,1,8,4.00000,20,2160
1.00,-Infinity,Infinity,1,7,4.00000,41,198
2.00,22.62500,1.36147,1,10,4.00000,31,1913
2.00,-Infinity,Infinity,1,7,4.00000,181,2833
2.00,13.25002,1.84841,1,9,4.00000,71,2400
1.00,7.25000,0.73049,1,10,4.00000,28,239
2.00,-Infinity,Infinity,1,5,2.40000,35,1884
1.00,7.23608,0.55309,1,9,3.00000,33,289
1.00,10.87500,1.30210,1,10,4.00000,32,226
3.00,31.99998,2.23158,1,6,4.00000,32,6331
3.00,-Infinity,Infinity,1,6,2.40000,76,5714
1.00,12.52775,1.63775,12,12,12.00000,8,272
1.00,16.11112,1.25762,1,7,3.00000,45,374
2.00,3.04167,0.32152,1,4,1.33333,70,1852
3.00,7.84729,0.77180,1,6,2.40000,39,6595
3.00,-Infinity,Infinity,1,4,1.71429,87,6590
1.00,10.61108,1.17572,1,9,3.00000,11,370
3.00,-Infinity,Infinity,1,7,3.00000,55,5511
1.00,18.00004,1.09708,1,8,4.00000,8,260
2.00,-Infinity,Infinity,1,6,2.00000,49,2199
1.00,7.34721,0.82793,1,5,2.40000,39,378
2.00,-Infinity,Infinity,6,6,6.00000,174,2123
2.00,-Infinity,Infinity,1,8,3.00000,29,1931
3.00,-Infinity,Infinity,1,5,3.00000,39,5848
2.00,-Infinity,Infinity,6,6,6.00000,45,1962
1.00,13.38892,1.27638,1,11,6.00000,17,274
1.00,20.25000,1.67005,1,10,4.00000,9,220
1.00,10.11110,1.02085,1,8,3.00000,20,158
1.00,17.88892,1.72392,1,11,6.00000,91,195
2.00,6.97223,0.52466,1,7,2.40000,18,2219
2.00,-Infinity,Infinity,1,8,4.00000,57,2321
1.00,11.22221,1.10008,1,8,2.40000,40,274
2.00,17.61112,1.87865,1,6,3.00000,53,3107
1.00,7.00002,0.64967,1,8,4.00000,14,352
2.00,11.12500,1.16928,1,6,4.00000,18,2270
1.00,5.84725,0.43523,1,8,2.40000,43,125
1.00,13.12500,1.26605,1,10,4.00000,8,193
1.00,15.38892,1.19613,4,8,6.00000,14,134
3.00,-Infinity,Infinity,1,7,2.40000,86,4459
3.00,8.22225,0.70962,1,6,2.40000,24,3972
1.00,22.15275,2.20462,12,12,12.00000,14,172
3.00,-Infinity,Infinity,1,6,4.00000,66,6568
3.00,11.36110,1.21612,1,5,3.00000,26,5053
3.00,-Infinity,Infinity,1,4,2.00000,94,7516
2.00,-Infinity,Infinity,1,9,3.00000,80,3511
3.00,-Infinity,Infinity,1,8,3.00000,38,7343
2.00,11.25000,1.05333,1,10,4.00000,43,2534
3.00,11.50002,1.53765,1,9,4.00000,25,6740
1.00,9.74999,0.92073,2,7,4.00000,8,259
3.00,8.34722,0.83702,1,7,2.40000,24,4459
2.00,5.97225,0.50339,1,4,2.40000,25,3136
3.00,27.33332,1.77132,1,3,2.00000,29,6373
3.00,10.48611,1.05605,1,7,3.00000,26,5499
2.00,15.11108,1.49723,1,5,3.00000,30,2808
2.00,37.87500,3.52551,1,10,4.00000,19,2247
3.00,-Infinity,Infinity,1,6,4.00000,154,6445
3.00,-Infinity,Infinity,1,6,2.40000,97,5840
1.00,11.18054,0.98381,1,4,1.50000,12,584
3.00,-Infinity,Infinity,6,6,6.00000,651,5094
1.00,8.13888,1.02774,1,11,6.00000,38,132
1.00,38.65275,3.39941,12,12,12.00000,7,127
3.00,-Infinity,Infinity,1,6,4.00000,217,4970
1.00,-Infinity,Infinity,2,10,6.00000,11,209
2.00,10.73610,0.78038,1,5,3.00000,22,2240
2.00,9.22221,1.06911,1,4,2.40000,45,2770
2.00,-Infinity,Infinity,1,6,3.00000,28,2245
1.00,28.40275,2.20223,12,12,12.00000,7,183
3.00,-Infinity,Infinity,1,6,3.00000,36,5879
