1.00,1.34861,7.25364,12,12,12.00000,8,179
1.00,1.85851,9.53004,12,12,12.00000,18,151
1.00,2.34705,9.96734,12,12,12.00000,11,261
1.00,1.90955,9.38282,12,12,12.00000,11,328
1.00,2.83820,10.54378,12,12,12.00000,54,213
1.00,1.92570,10.72034,12,12,12.00000,7,189
1.00,1.57986,7.59966,12,12,12.00000,43,204
1.00,1.93507,8.45103,12,12,12.00000,7,112
1.00,1.52587,8.39519,1,11,6.00000,13,402
1.00,2.67830,12.57047,12,12,12.00000,8,146
1.00,2.07986,9.55868,12,12,12.00000,12,240
1.00,2.28924,11.21345,12,12,12.00000,8,214
1.00,1.71962,8.20188,1,11,6.00000,9,284
1.00,1.17518,7.40341,12,12,12.00000,9,390
1.00,2.76528,12.64638,12,12,12.00000,8,203
1.00,1.11268,6.04561,12,12,12.00000,40,251
1.00,1.80902,9.55076,12,12,12.00000,12,267
1.00,1.77570,10.53500,12,12,12.00000,12,124
1.00,2.25174,8.59817,12,12,12.00000,10,192
1.00,2.09392,11.18747,12,12,12.00000,44,391
1.00,3.32674,11.41839,12,12,12.00000,20,167
1.00,2.78351,11.41319,12,12,12.00000,10,260
1.00,1.57517,8.60603,12,12,12.00000,34,109
1.00,2.27569,11.46535,12,12,12.00000,8,200
1.00,2.20226,9.47929,12,12,12.00000,10,284
1.00,3.46007,12.52466,12,12,12.00000,39,152
1.00,2.44392,10.70844,12,12,12.00000,18,130
1.00,1.82986,9.11915,12,12,12.00000,7,156
1.00,1.64809,8.71597,12,12,12.00000,83,197
1.00,2.11163,8.20483,12,12,12.00000,17,126
1.00,2.96372,12.73318,12,12,12.00000,32,116
1.00,1.34236,5.62123,12,12,12.00000,68,166
1.00,2.52152,14.00807,12,12,12.00000,23,151
1.00,1.88090,9.06277,12,12,12.00000,24,278
1.00,1.65590,8.22381,12,12,12.00000,13,102
1.00,1.71580,11.16081,12,12,12.00000,8,192
1.00,1.84809,11.39844,12,12,12.00000,58,221
1.00,1.76892,8.34439,12,12,12.00000,7,260
1.00,1.76077,8.28535,1,11,6.00000,11,507
1.00,1.96163,8.50572,12,12,12.00000,8,175
1.00,1.99705,9.34702,12,12,12.00000,8,192
1.00,2.20486,8.84876,12,12,12.00000,11,448
1.00,1.40642,8.67521,12,12,12.00000,58,267
1.00,2.13559,9.17136,12,12,12.00000,8,175
1.00,1.86788,9.33795,12,12,12.00000,7,185
1.00,2.00590,9.57376,12,12,12.00000,9,174
1.00,2.69757,10.17930,12,12,12.00000,29,213
1.00,2.66736,11.46404,12,12,12.00000,11,180
1.00,2.14757,9.09485,12,12,12.00000,7,166
1.00,1.99149,10.39012,1,11,6.00000,7,298
