2.00,6.32283,23.17314,12,12,12.00000,106,2252
2.00,5.70408,20.14686,12,12,12.00000,35,2110
2.00,4.49705,16.46095,12,12,12.00000,53,2520
2.00,7.15330,22.87682,12,12,12.00000,27,1791
2.00,3.77048,13.49614,12,12,12.00000,38,3093
2.00,4.76033,19.19184,12,12,12.00000,22,2106
2.00,4.54002,20.64230,12,12,12.00000,56,2328
2.00,5.43846,18.40864,12,12,12.00000,25,2454
2.00,5.03220,18.79770,12,12,12.00000,34,2026
2.00,3.42126,15.61051,12,12,12.00000,92,1653
2.00,3.77674,15.50923,12,12,12.00000,19,1914
2.00,5.97830,20.28422,12,12,12.00000,39,2588
2.00,5.10642,18.90229,12,12,12.00000,26,2394
2.00,3.07986,12.70619,12,12,12.00000,34,2758
2.00,4.81892,16.01678,12,12,12.00000,92,2217
2.00,4.47205,17.06582,12,12,12.00000,20,2027
2.00,2.38533,9.79288,12,12,12.00000,28,1386
2.00,2.78221,12.16223,12,12,12.00000,20,2285
2.00,7.49861,21.18017,12,12,12.00000,22,1846
2.00,3.62517,13.70292,12,12,12.00000,20,1822
2.00,3.57283,16.62385,12,12,12.00000,47,2021
2.00,3.80486,15.26332,12,12,12.00000,20,2559
2.00,3.93220,16.09292,12,12,12.00000,20,3401
2.00,3.02361,14.70393,12,12,12.00000,45,2019
2.00,2.52361,13.58318,12,12,12.00000,59,2760
2.00,2.80173,16.72444,12,12,12.00000,51,1483
2.00,4.82596,17.02888,12,12,12.00000,29,1916
2.00,5.36033,21.13552,12,12,12.00000,78,2467
2.00,4.50017,20.53041,12,12,12.00000,24,2121
2.00,4.58533,16.66161,12,12,12.00000,41,2098
2.00,4.28524,17.67452,1,11,6.00000,19,2058
2.00,4.00252,18.79736,12,12,12.00000,32,2544
2.00,3.64549,15.34437,12,12,12.00000,55,2036
2.00,4.89002,16.55922,12,12,12.00000,98,1574
2.00,4.26971,18.43060,12,12,12.00000,22,1773
2.00,4.12049,23.34656,12,12,12.00000,28,2179
2.00,3.24939,15.98408,12,12,12.00000,21,1725
2.00,2.49627,10.73808,12,12,12.00000,36,2253
2.00,4.12361,16.32204,12,12,12.00000,19,1979
2.00,6.09783,25.04242,12,12,12.00000,85,2849
2.00,4.13298,15.70404,7,12,9.00000,22,2371
2.00,7.22830,23.99372,12,12,12.00000,209,2596
2.00,2.67283,11.61468,12,12,12.00000,20,2304
2.00,5.21580,20.82415,12,12,12.00000,28,1991
2.00,3.54939,16.18705,12,12,12.00000,22,1954
2.00,3.78611,13.45053,12,12,12.00000,67,1909
