0.92,2.96372,12.73318,12,12,12.00000,41,593
0.92,2.78351,11.41319,12,12,12.00000,18,588
0.92,1.80902,9.55076,12,12,12.00000,48,409
0.92,1.99705,9.34701,12,12,12.00000,13,704
0.92,1.93507,8.45103,12,12,12.00000,36,239
0.92,2.00590,9.57375,12,12,12.00000,30,380
0.92,3.46007,12.52466,12,12,12.00000,11,687
0.92,1.90955,9.38282,12,12,12.00000,11,327
0.92,1.65590,8.22381,12,12,12.00000,8,244
0.92,1.34236,5.62123,12,12,12.00000,10,324
0.92,1.71962,8.20188,1,11,6.00000,7,126
0.92,1.99150,10.39013,1,11,6.00000,10,805
0.92,1.76892,8.34439,12,12,12.00000,8,188
0.92,2.07986,9.55868,12,12,12.00000,8,277
0.92,1.52587,8.39519,1,11,6.00000,9,228
0.92,2.14757,9.09486,12,12,12.00000,8,138
0.92,1.86788,9.33796,12,12,12.00000,21,289
0.92,3.32673,11.41839,12,12,12.00000,11,415
0.92,1.77569,10.53499,12,12,12.00000,10,616
0.92,2.52153,14.00807,12,12,12.00000,8,181
0.92,2.76528,12.64638,12,12,12.00000,114,487
0.92,1.17517,7.40340,12,12,12.00000,7,142
0.92,1.84809,11.39846,12,12,12.00000,10,353
0.92,1.96163,8.50572,12,12,12.00000,8,187
0.92,1.57986,7.59966,12,12,12.00000,6,105
0.92,2.66736,11.46404,12,12,12.00000,45,599
0.92,1.34861,7.25365,12,12,12.00000,10,404
0.92,1.82986,9.11915,12,12,12.00000,44,588
0.92,1.57517,8.60602,12,12,12.00000,40,160
0.92,2.09392,11.18747,12,12,12.00000,10,359
0.92,1.88090,9.06277,12,12,12.00000,10,355
0.92,2.27569,11.46535,12,12,12.00000,69,345
0.92,2.20486,8.84876,12,12,12.00000,16,423
0.92,1.71580,11.16081,12,12,12.00000,34,2642
0.92,2.69757,10.17932,12,12,12.00000,41,276
0.92,2.67830,12.57047,12,12,12.00000,13,183
0.92,2.25174,8.59818,12,12,12.00000,39,231
0.92,1.76077,8.28535,1,11,6.00000,14,1441
0.92,1.40642,8.67521,12,12,12.00000,35,684
0.92,1.64809,8.71596,12,12,12.00000,8,248
0.92,1.11268,6.04561,12,12,12.00000,7,116
0.92,2.83820,10.54377,12,12,12.00000,8,296
0.92,1.85851,9.53004,12,12,12.00000,12,997
0.92,2.20226,9.47929,12,12,12.00000,35,277
0.92,2.28924,11.21345,12,12,12.00000,9,285
0.92,2.11163,8.20483,12,12,12.00000,9,699
0.92,2.44392,10.70844,12,12,12.00000,43,98
0.92,2.34705,9.96734,12,12,12.00000,14,1130
0.92,2.13559,9.17136,12,12,12.00000,127,506
0.92,1.92570,10.72034,12,12,12.00000,11,430
