1.75,2.43142,13.55025,12,12,12.00000,54,3056
1.75,2.87153,12.83244,12,12,12.00000,76,1884
1.75,2.67569,10.24719,12,12,12.00000,19,1419
1.75,3.03090,9.61016,6,12,8.33333,173,1455
1.75,1.58351,7.33726,12,12,12.00000,22,1286
1.75,1.90278,13.71989,12,12,12.00000,57,3156
1.75,2.01996,10.71362,12,12,12.00000,22,1429
1.75,2.46996,11.39216,12,12,12.00000,306,1528
1.75,1.85903,7.75185,12,12,12.00000,17,1920
1.75,2.69757,12.74350,12,12,12.00000,78,1662
1.75,1.89132,8.01991,12,12,12.00000,20,1678
1.75,2.60538,11.36635,12,12,12.00000,55,1258
1.75,2.22986,10.66973,12,12,12.00000,30,1934
1.75,3.84132,14.76661,12,12,12.00000,86,1449
1.75,2.53507,12.13164,12,12,12.00000,37,1763
1.75,1.93299,9.40435,12,12,12.00000,158,2249
1.75,2.23976,11.80631,12,12,12.00000,20,1540
1.75,2.66892,13.83011,12,12,12.00000,19,2087
1.75,1.90538,8.81292,12,12,12.00000,19,1615
1.75,2.44132,9.55156,12,12,12.00000,20,2010
1.75,1.44097,8.26536,1,11,6.00000,126,1543
1.75,1.23976,6.07677,12,12,12.00000,40,1866
1.75,2.16163,10.40497,12,12,12.00000,32,1452
1.75,1.69705,9.36464,12,12,12.00000,73,1656
1.75,1.83924,8.82128,12,12,12.00000,58,1377
1.75,2.45017,10.71651,12,12,12.00000,52,1654
1.75,2.05330,9.40241,12,12,12.00000,51,1587
1.75,1.61997,8.39406,12,12,12.00000,192,1442
1.75,1.85069,9.68475,12,12,12.00000,35,1460
1.75,1.80504,10.39495,1,11,6.00000,22,1872
1.75,1.71111,9.65849,12,12,12.00000,17,1317
1.75,2.20278,11.83494,12,12,12.00000,51,1218
1.75,1.65538,9.28795,12,12,12.00000,128,1521
1.75,2.72048,12.30553,12,12,12.00000,45,1103
1.75,1.58038,8.75305,12,12,12.00000,197,1743
1.75,2.28298,10.11989,12,12,12.00000,19,2397
1.75,2.61163,11.86348,12,12,12.00000,19,1713
1.75,2.07049,9.69405,12,12,12.00000,19,1407
1.75,1.70903,8.37973,12,12,12.00000,21,1651
1.75,2.96060,10.83578,12,12,12.00000,17,1471
1.75,2.70330,11.37582,12,12,12.00000,31,1371
1.75,1.45954,8.74769,12,12,12.00000,16,1763
1.75,2.61267,12.30308,12,12,12.00000,54,1294
1.75,1.83559,10.21042,12,12,12.00000,29,1804
1.75,1.69236,9.61313,12,12,12.00000,20,1935
1.75,1.57882,8.53054,12,12,12.00000,25,2496
1.75,3.81111,13.99937,12,12,12.00000,103,2576
1.75,1.00799,5.74215,12,12,12.00000,22,2965
1.75,2.03819,10.33878,12,12,12.00000,40,2315
