0.92,37.65275,2.94815,12,12,12.00000,14,759
0.92,13.12500,1.26605,1,10,4.00000,8,211
0.92,11.33333,1.11098,1,7,2.00000,27,487
0.92,12.51392,1.13834,1,11,6.00000,62,380
0.92,10.86108,0.94221,1,9,3.00000,21,2364
0.92,10.52767,1.25187,12,12,12.00000,11,264
0.92,18.00000,1.09707,1,10,4.00000,48,656
0.92,5.25000,0.55235,1,10,4.00000,101,381
0.92,10.87500,1.30210,1,10,4.00000,17,426
0.92,8.73612,1.00015,1,9,3.00000,12,124
0.92,12.52775,1.63775,12,12,12.00000,93,392
0.92,31.15275,3.52357,12,12,12.00000,34,297
0.92,9.01392,0.84096,1,11,6.00000,11,528
0.92,9.86108,0.99561,1,9,3.00000,8,102
0.92,15.12500,1.79912,1,10,4.00000,8,187
0.92,9.11110,0.74545,1,7,3.00000,39,483
0.92,28.40275,2.20223,12,12,12.00000,11,591
0.92,14.50000,1.49790,1,10,4.00000,30,348
0.92,10.63892,1.07459,1,11,6.00000,8,213
0.92,12.09722,1.21769,1,4,2.40000,7,184
0.92,8.62500,1.13981,1,10,4.00000,7,252
0.92,3.48608,0.34464,1,9,3.00000,14,459
0.92,7.23608,0.55309,1,9,3.00000,7,231
0.92,8.13888,1.02774,1,11,6.00000,9,237
0.92,17.74997,1.71053,1,9,4.00000,8,315
0.92,21.61108,1.86450,1,9,3.00000,8,324
0.92,5.83333,0.43420,1,7,2.00000,8,161
0.92,10.63892,1.10695,1,11,6.00000,21,484
0.92,13.38892,1.27638,1,11,6.00000,7,103
0.92,12.12500,1.34582,1,10,4.00000,42,122
0.92,6.76390,0.76220,2,10,6.00000,81,381
0.92,15.36108,1.19396,1,9,3.00000,41,468
0.92,22.88892,2.33104,1,11,6.00000,39,680
0.92,38.65275,3.39941,12,12,12.00000,8,175
0.92,18.65275,1.67932,12,12,12.00000,8,273
0.92,9.23608,0.88136,1,9,3.00000,27,415
0.92,11.00004,1.19360,1,6,4.00000,6,76
0.92,9.86111,1.19532,1,6,3.00000,20,281
0.92,20.25000,1.67005,1,10,4.00000,64,142
0.92,7.25000,0.73049,1,10,4.00000,7,196
0.92,17.00000,1.61380,1,10,4.00000,9,236
0.92,15.62496,1.21967,1,6,4.00000,31,102
0.92,3.70835,0.35874,1,6,2.00000,14,990
0.92,9.34721,1.31705,1,8,2.40000,47,454
0.92,10.51392,1.16495,6,6,6.00000,78,407
0.92,7.00000,0.64966,1,10,4.00000,25,662
0.92,11.44444,1.00703,1,4,1.71429,10,228
0.92,16.02775,1.30734,12,12,12.00000,7,142
0.92,10.00000,0.94434,1,10,4.00000,8,170
0.92,22.15275,2.20462,12,12,12.00000,9,253
