3.17,5.64939,19.32085,12,12,12.00000,28,5361
3.17,4.39861,17.50146,12,12,12.00000,35,4954
3.17,3.80174,16.58393,12,12,12.00000,29,5109
3.17,5.25955,22.15422,12,12,12.00000,35,5580
3.17,3.36502,17.05830,12,12,12.00000,26,4534
3.17,3.19549,13.90807,12,12,12.00000,33,5139
3.17,3.36970,15.61856,12,12,12.00000,40,5585
3.17,4.38220,19.98155,12,12,12.00000,25,5169
3.17,5.55486,20.68427,12,12,12.00000,70,4806
3.17,6.51736,22.90309,12,12,12.00000,28,5617
3.17,4.01424,21.36032,12,12,12.00000,30,5221
3.17,4.09705,16.58042,12,12,12.00000,39,5249
3.17,3.97439,18.57463,12,12,12.00000,34,4671
3.17,3.13611,13.28597,12,12,12.00000,39,4955
3.17,3.63767,14.90086,12,12,12.00000,45,5263
3.17,3.35017,19.85932,12,12,12.00000,27,4600
3.17,5.26658,19.39027,12,12,12.00000,26,4776
3.17,4.99314,22.73162,12,12,12.00000,80,5319
3.17,4.51971,16.57706,12,12,12.00000,49,5726
3.17,7.58924,22.92226,12,12,12.00000,30,5642
3.17,4.69471,17.62442,12,12,12.00000,26,4833
3.17,3.74158,18.02695,12,12,12.00000,24,4984
3.17,4.92517,20.34473,12,12,12.00000,45,5380
3.17,3.52127,17.16775,12,12,12.00000,28,4390
3.17,3.79158,17.04500,12,12,12.00000,30,5225
3.17,5.71268,18.49932,12,12,12.00000,32,5608
3.17,5.53455,22.96567,12,12,12.00000,30,5770
3.17,4.00877,21.81829,12,12,12.00000,27,5127
3.17,4.26893,14.85652,12,12,12.00000,28,6576
3.17,4.70564,22.27853,12,12,12.00000,33,4704
3.17,4.11346,17.10210,12,12,12.00000,29,5438
3.17,5.07283,20.55402,12,12,12.00000,35,4934
3.17,3.40017,16.10979,12,12,12.00000,26,5493
3.17,4.85017,21.00211,12,12,12.00000,27,4661
3.17,5.90564,23.40896,12,12,12.00000,40,5039
3.17,4.66110,15.80789,12,12,12.00000,65,5450
3.17,4.11658,16.83942,12,12,12.00000,25,5136
3.17,4.65486,15.88690,12,12,12.00000,26,5592
3.17,5.35564,19.13958,12,12,12.00000,33,5069
3.17,5.30877,19.47222,12,12,12.00000,26,5155
3.17,3.84930,15.98154,1,11,6.00000,28,4504
3.17,3.96502,16.64225,12,12,12.00000,27,5664
3.17,5.11189,16.04909,12,12,12.00000,28,4811
3.17,4.24470,18.43832,12,12,12.00000,33,5162
3.17,3.50017,16.37209,12,12,12.00000,34,5791
3.17,6.19002,19.42444,12,12,12.00000,24,4659
3.17,3.18611,13.18022,12,12,12.00000,28,5672
