3.17,2.28559,10.53722,12,12,12.00000,59,5478
3.17,2.47205,12.92892,12,12,12.00000,26,5496
3.17,2.52309,11.81630,7,12,9.00000,29,5868
3.17,1.51319,6.11185,12,12,12.00000,30,5885
3.17,2.10694,9.75930,12,12,12.00000,40,4579
3.17,3.90173,15.13461,12,12,12.00000,25,5170
3.17,1.90538,9.30494,12,12,12.00000,28,5704
3.17,2.48767,11.28622,12,12,12.00000,24,5264
3.17,3.02569,13.35724,12,12,12.00000,73,4637
3.17,2.18559,11.63804,12,12,12.00000,28,4741
3.17,3.25070,15.33536,12,12,12.00000,26,4951
3.17,2.09722,9.31344,1,11,6.00000,30,5973
3.17,2.55903,9.65006,12,12,12.00000,25,4655
3.17,1.39132,8.67738,12,12,12.00000,280,6304
3.17,1.81319,8.51180,12,12,12.00000,39,4417
3.17,2.51059,10.81252,12,12,12.00000,30,4832
3.17,2.83195,9.70953,12,12,12.00000,31,4590
3.17,2.05400,10.04886,1,11,6.00000,119,6184
3.17,2.32205,10.51693,12,12,12.00000,50,4935
3.17,2.41215,11.64529,12,12,12.00000,25,7100
3.17,1.76476,10.26675,12,12,12.00000,52,5026
3.17,1.09306,5.92728,4,8,6.00000,33,5999
3.17,3.86580,14.31998,12,12,12.00000,40,5814
3.17,2.43038,11.55661,12,12,12.00000,26,4508
3.17,1.91840,9.95199,12,12,12.00000,43,6037
3.17,4.47048,15.86244,12,12,12.00000,46,5302
3.17,2.32830,14.73022,12,12,12.00000,84,5559
3.17,2.17413,8.65235,12,12,12.00000,41,5104
3.17,3.42986,13.88080,12,12,12.00000,37,4750
3.17,1.09340,7.34752,12,12,12.00000,55,6004
3.17,2.31736,12.16362,12,12,12.00000,48,5196
3.17,1.76163,8.44485,12,12,12.00000,26,6041
3.17,1.88768,10.79283,12,12,12.00000,52,5005
3.17,1.91840,11.56173,12,12,12.00000,30,5058
3.17,2.39965,10.48120,12,12,12.00000,85,5677
3.17,1.88455,11.53070,12,12,12.00000,34,4777
3.17,3.34601,16.00123,12,12,12.00000,28,4953
3.17,2.83611,10.26222,12,12,12.00000,31,5259
3.17,2.11337,9.23897,1,11,6.00000,42,4942
3.17,1.18837,5.17912,1,11,6.00000,27,4531
3.17,2.44705,11.40843,12,12,12.00000,41,4280
3.17,2.04236,9.13340,12,12,12.00000,34,4565
3.17,1.49496,7.13800,12,12,12.00000,25,5599
3.17,1.33455,7.86160,12,12,12.00000,27,4878
