1.75,9.80558,1.05576,1,11,6.00000,67,1382
1.75,7.02081,0.81411,1,8,4.00000,33,1197
0.92,13.34725,1.41334,1,11,6.00000,8,192
1.75,9.15975,0.86684,1,11,6.00000,38,1997
1.75,6.59027,0.77974,1,7,3.00000,80,1462
1.75,6.79171,0.89763,1,10,4.00000,39,1192
3.17,10.71525,0.93308,1,9,3.00000,28,5382
3.17,11.79169,1.19148,1,8,4.00000,26,4725
0.92,15.47225,1.37340,1,11,6.00000,58,320
1.75,20.61808,1.86712,1,11,6.00000,129,1549
0.92,11.00000,1.21732,1,10,4.00000,8,354
0.92,11.90971,1.46390,1,8,2.40000,36,338
3.17,9.12500,0.87918,1,7,4.00000,53,5158
1.75,24.49308,2.09153,6,6,6.00000,43,2644
3.17,17.59029,1.83352,1,5,3.00000,31,4719
0.92,6.65975,0.58518,1,11,6.00000,14,568
0.92,7.56250,0.67108,1,10,4.00000,8,206
3.17,9.27084,1.13925,1,6,4.00000,41,4175
0.92,1.98608,0.20834,1,9,3.00000,8,348
1.75,5.09025,0.45385,1,9,3.00000,18,1525
1.75,16.79167,1.72307,1,10,4.00000,17,1039
3.17,-Infinity,Infinity,1,6,2.40000,57,4785
3.17,6.22917,1.08858,1,10,4.00000,25,4318
0.92,23.80557,1.77941,1,11,6.00000,43,144
0.92,15.40275,1.28884,12,12,12.00000,10,396
1.75,7.53473,0.73091,1,6,2.40000,25,1928
0.92,9.63192,1.03307,12,12,12.00000,10,310
3.17,-Infinity,Infinity,1,6,4.00000,65,5989
1.75,9.02085,0.98144,1,9,4.00000,20,1483
0.92,5.42358,0.51525,1,9,3.00000,10,563
1.75,-Infinity,Infinity,1,11,6.00000,20,1659
3.17,28.38900,2.63695,1,11,6.00000,53,5244
3.17,-Infinity,Infinity,1,9,4.00000,27,4943
3.17,15.22914,1.51443,1,9,4.00000,26,5417
3.17,-Infinity,Infinity,1,5,3.00000,51,4232
0.92,5.85417,0.51466,1,7,2.00000,38,260
3.17,-Infinity,Infinity,3,6,4.00000,91,5072
3.17,-Infinity,Infinity,4,8,6.00000,107,5686
3.17,8.22918,0.81492,2,6,4.00000,25,5564
0.92,7.54167,0.77190,1,10,4.00000,22,1146
0.92,8.86808,0.76654,1,11,6.00000,6,112
1.75,9.39583,0.98765,1,10,4.00000,38,2163
1.75,12.85417,1.35700,1,10,4.00000,19,2310
0.92,16.19442,1.35226,12,12,12.00000,8,263
3.17,21.81948,1.47685,1,8,3.00000,44,6141
1.75,10.54167,1.09742,1,6,4.00000,20,1542
0.92,11.90275,1.23657,12,12,12.00000,35,436
1.75,-Infinity,Infinity,1,5,3.00000,54,1466
3.17,6.49996,0.53731,1,6,4.00000,25,5267
1.75,3.43058,0.30538,1,8,2.40000,16,1805
0.92,11.04858,1.25253,12,12,12.00000,7,162
3.17,7.28469,0.79881,3,9,6.00000,28,4531
1.75,5.15971,0.57779,1,5,2.40000,77,1455
0.92,8.18750,0.76652,1,10,4.00000,38,2602
0.92,11.54166,1.41128,1,8,4.00000,12,613
1.75,23.11108,1.69358,12,12,12.00000,154,1906
0.92,8.02083,0.77151,1,10,4.00000,17,958
1.75,7.70140,0.69143,1,6,2.40000,23,1909
0.92,26.50692,2.50513,12,12,12.00000,45,470
0.92,7.11110,0.79454,1,7,3.00000,12,719
0.92,10.88192,0.93757,12,12,12.00000,37,431
3.17,-Infinity,Infinity,1,6,4.00000,90,5251
1.75,7.04167,0.60806,1,10,4.00000,34,1294
3.17,7.90277,0.92541,1,5,3.00000,26,4925
0.92,8.58337,0.82961,1,7,2.00000,11,1128
0.92,10.29167,0.90029,1,10,4.00000,49,452
1.75,6.86108,0.65449,1,9,3.00000,86,1296
1.75,-Infinity,Infinity,1,9,3.00000,99,2173
1.75,5.63196,0.53836,1,6,3.00000,27,1298
0.92,8.58333,0.74934,1,10,4.00000,22,404
1.75,-Infinity,Infinity,1,9,3.00000,53,1624
0.92,33.72225,2.48854,1,11,6.00000,54,289
0.92,12.13192,1.23914,1,9,3.00000,8,305
0.92,17.65975,1.33531,1,11,6.00000,13,679
3.17,-Infinity,Infinity,1,6,3.00000,32,5923
3.17,11.70142,1.29965,1,11,6.00000,47,4582
3.17,-Infinity,Infinity,1,6,4.00000,69,4605
0.92,7.39583,0.76965,1,10,4.00000,74,831
0.92,14.52775,1.24519,1,9,3.00000,10,327
0.92,9.50692,0.92741,12,12,12.00000,24,2492
0.92,11.03475,1.02417,1,11,6.00000,11,562
1.75,-Infinity,Infinity,1,6,2.00000,29,1452
0.92,12.77775,1.26559,1,9,3.00000,15,1045
3.17,7.21529,0.75231,1,6,3.00000,51,4465
3.17,13.22225,1.27028,1,11,6.00000,26,5446
0.92,7.61112,0.89481,1,9,3.00000,10,399
0.92,6.57639,0.61939,1,7,2.40000,49,397
0.92,2.79167,0.30321,1,7,2.00000,45,984
1.75,14.65975,1.70992,1,11,6.00000,26,1794
3.17,-Infinity,Infinity,1,6,3.00000,79,5482
1.75,12.33333,1.51912,1,10,4.00000,27,1383
1.75,22.50000,2.18385,1,10,4.00000,62,1382
0.92,11.53475,1.19495,1,11,6.00000,13,486
3.17,-Infinity,Infinity,1,9,4.00000,36,4951
3.17,-Infinity,Infinity,1,6,2.40000,67,4523
1.75,26.02083,2.10684,1,7,4.00000,71,1527
3.17,9.54165,0.84145,1,9,4.00000,35,5102
1.75,14.62500,1.52532,1,10,4.00000,48,2318
3.17,24.05556,2.48786,5,7,6.00000,32,5754
3.17,15.10417,1.33858,3,6,4.00000,31,5763
3.17,15.57633,1.49437,1,11,6.00000,26,5479
3.17,-Infinity,Infinity,1,5,2.40000,34,4485
1.75,13.18750,1.48756,1,7,4.00000,18,1538
0.92,24.88192,2.09319,12,12,12.00000,9,436
3.17,-Infinity,Infinity,1,11,6.00000,43,4567
1.75,-Infinity,Infinity,1,7,4.00000,42,1630
1.75,-Infinity,Infinity,1,10,4.00000,55,1368
1.75,6.71524,0.80284,1,7,3.00000,186,1595
1.75,19.63892,2.11190,4,8,6.00000,52,1475
0.92,3.51392,0.38295,1,6,2.40000,10,592
0.92,10.79167,0.87742,1,10,4.00000,43,113
1.75,7.27779,0.90307,1,9,3.00000,68,1836
0.92,6.68750,0.80346,1,10,4.00000,78,428
1.75,10.66668,0.92489,1,8,4.00000,18,1617
1.75,4.36804,0.53266,1,8,2.40000,71,1337
0.92,8.96525,0.97714,1,9,3.00000,30,1068
0.92,12.36808,1.37566,1,11,6.00000,16,2429
1.75,5.64585,0.58999,1,6,2.00000,16,1846
3.17,11.43753,0.95027,1,8,4.00000,31,5764
1.75,9.75696,1.34567,1,9,3.00000,27,1971
1.75,-Infinity,Infinity,5,7,6.00000,31,1649
1.75,-Infinity,Infinity,1,7,3.00000,81,2682
0.92,30.68066,2.09136,1,11,6.00000,11,823
0.92,10.73608,1.11387,1,9,3.00000,32,505
3.17,-Infinity,Infinity,1,5,2.40000,169,5519
1.75,-Infinity,Infinity,1,10,4.00000,24,1615
1.75,8.17358,0.69407,1,9,3.00000,25,1807
0.92,8.85417,0.96265,1,10,4.00000,11,1440
3.17,12.65275,1.17869,12,12,12.00000,27,4675
1.75,2.02083,0.19390,1,4,2.00000,17,2467
3.17,-Infinity,Infinity,1,10,4.00000,76,6077
3.17,8.88196,1.04944,1,6,3.00000,26,4473
3.17,48.38900,3.49348,1,11,6.00000,30,4244
3.17,-Infinity,Infinity,1,6,3.00000,35,5502
0.92,4.78475,0.41911,1,8,2.40000,10,427
3.17,8.91665,0.86594,3,5,4.00000,26,4410
1.75,14.02776,0.99181,1,9,3.00000,18,1319
3.17,19.32638,1.71679,5,7,6.00000,31,5609
3.17,3.67361,0.31776,1,3,1.71429,26,5977
1.75,34.06958,2.58446,12,12,12.00000,21,2035
3.17,4.62500,0.46853,1,5,2.00000,22,5176
0.92,21.69450,1.91877,12,12,12.00000,10,336
1.75,14.81947,1.32258,1,8,3.00000,18,1527
3.17,-Infinity,Infinity,1,5,2.40000,48,4475
3.17,10.54175,1.03513,1,10,4.00000,47,4772
3.17,-Infinity,Infinity,3,6,4.00000,157,5496
0.92,7.75000,0.62788,1,10,4.00000,23,354
3.17,3.40277,0.33543,1,5,3.00000,27,4867
1.75,-Infinity,Infinity,1,11,6.00000,33,1389
3.17,6.41665,0.67400,1,8,4.00000,43,5458
