1.75,15.11108,1.49723,1,5,3.00000,18,1749
1.75,29.51392,2.62137,1,11,6.00000,67,1829
1.75,7.59723,0.86529,1,6,2.40000,18,1854
1.75,18.61109,1.79705,1,5,3.00000,34,1247
1.75,9.12502,1.05639,1,6,4.00000,20,1813
1.75,14.62502,1.41305,1,8,4.00000,21,1667
1.75,13.34723,1.13698,1,6,2.40000,17,1613
1.75,22.75000,2.27159,1,10,4.00000,22,1430
1.75,8.25004,0.64247,1,8,4.00000,37,1115
1.75,22.74998,1.36899,1,9,4.00000,19,1529
1.75,22.38892,2.03043,4,8,6.00000,25,2373
1.75,11.25000,1.25383,1,10,4.00000,240,1609
1.75,3.04167,0.32152,1,3,1.33333,27,1464
1.75,8.75002,1.01437,1,6,4.00000,19,1647
1.75,5.50000,0.46214,1,10,4.00000,24,1418
1.75,9.69446,0.85884,1,6,1.71429,74,1512
1.75,11.98608,1.09585,1,9,3.00000,34,1454
1.75,7.08331,0.53302,1,5,2.00000,35,1631
1.75,11.01390,1.51169,6,6,6.00000,32,2234
1.75,16.51389,1.40064,2,10,6.00000,37,1946
1.75,7.98612,0.91773,1,6,3.00000,16,2477
1.75,12.47221,0.95831,1,5,2.40000,25,1664
1.75,8.47223,0.76759,1,7,2.40000,48,1608
1.75,14.73608,1.46740,1,5,3.00000,21,1409
