0.92,13.34725,1.41334,1,11,6.00000,8,192
0.92,15.47225,1.37340,1,11,6.00000,58,320
0.92,11.00000,1.21732,1,10,4.00000,8,354
0.92,11.90971,1.46390,1,8,2.40000,36,338
0.92,6.65975,0.58518,1,11,6.00000,14,568
0.92,7.56250,0.67108,1,10,4.00000,8,206
0.92,1.98608,0.20834,1,9,3.00000,8,348
0.92,23.80557,1.77941,1,11,6.00000,43,144
0.92,15.40275,1.28884,12,12,12.00000,10,396
0.92,9.63192,1.03307,12,12,12.00000,10,310
0.92,5.42358,0.51525,1,9,3.00000,10,563
0.92,5.85417,0.51466,1,7,2.00000,38,260
0.92,7.54167,0.77190,1,10,4.00000,22,1146
0.92,8.86808,0.76654,1,11,6.00000,6,112
0.92,16.19442,1.35226,12,12,12.00000,8,263
0.92,11.90275,1.23657,12,12,12.00000,35,436
0.92,11.04858,1.25253,12,12,12.00000,7,162
0.92,8.18750,0.76652,1,10,4.00000,38,2602
0.92,11.54166,1.41128,1,8,4.00000,12,613
0.92,8.02083,0.77151,1,10,4.00000,17,958
0.92,26.50692,2.50513,12,12,12.00000,45,470
0.92,7.11110,0.79454,1,7,3.00000,12,719
0.92,10.88192,0.93757,12,12,12.00000,37,431
0.92,8.58337,0.82961,1,7,2.00000,11,1128
0.92,10.29167,0.90029,1,10,4.00000,49,452
0.92,8.58333,0.74934,1,10,4.00000,22,404
0.92,33.72225,2.48854,1,11,6.00000,54,289
0.92,12.13192,1.23914,1,9,3.00000,8,305
0.92,17.65975,1.33531,1,11,6.00000,13,679
0.92,7.39583,0.76965,1,10,4.00000,74,831
0.92,14.52775,1.24519,1,9,3.00000,10,327
0.92,9.50692,0.92741,12,12,12.00000,24,2492
0.92,11.03475,1.02417,1,11,6.00000,11,562
0.92,12.77775,1.26559,1,9,3.00000,15,1045
0.92,7.61112,0.89481,1,9,3.00000,10,399
0.92,6.57639,0.61939,1,7,2.40000,49,397
0.92,2.79167,0.30321,1,7,2.00000,45,984
0.92,11.53475,1.19495,1,11,6.00000,13,486
0.92,24.88192,2.09319,12,12,12.00000,9,436
0.92,3.51392,0.38295,1,6,2.40000,10,592
0.92,10.79167,0.87742,1,10,4.00000,43,113
0.92,6.68750,0.80346,1,10,4.00000,78,428
0.92,8.96525,0.97714,1,9,3.00000,30,1068
0.92,12.36808,1.37566,1,11,6.00000,16,2429
0.92,30.68066,2.09136,1,11,6.00000,11,823
0.92,10.73608,1.11387,1,9,3.00000,32,505
0.92,8.85417,0.96265,1,10,4.00000,11,1440
0.92,4.78475,0.41911,1,8,2.40000,10,427
0.92,21.69450,1.91877,12,12,12.00000,10,336
0.92,7.75000,0.62788,1,10,4.00000,23,354
