0.92,6.12986,21.20429,12,12,12.00000,9,632
0.92,4.07361,16.81302,12,12,12.00000,12,259
0.92,9.14081,24.55041,12,12,12.00000,11,808
0.92,4.47205,19.57534,12,12,12.00000,15,196
0.92,2.74314,10.93499,12,12,12.00000,34,411
0.92,4.64705,20.66718,12,12,12.00000,9,110
0.92,4.62986,20.68271,12,12,12.00000,49,307
0.92,3.86892,17.97670,12,12,12.00000,16,115
0.92,3.06814,17.34256,12,12,12.00000,9,351
0.92,8.13845,23.31831,12,12,12.00000,50,377
0.92,5.01267,14.30756,12,12,12.00000,58,267
0.92,6.14314,21.85806,12,12,12.00000,60,139
0.92,4.38767,15.92125,12,12,12.00000,9,371
0.92,5.20798,19.39828,12,12,12.00000,9,245
0.92,2.88455,11.58599,12,12,12.00000,15,1466
0.92,5.87752,24.85701,12,12,12.00000,28,261
0.92,7.19158,18.96459,12,12,12.00000,11,408
0.92,1.83221,7.87041,12,12,12.00000,7,155
0.92,5.06658,17.99001,12,12,12.00000,47,313
0.92,5.63611,22.95988,12,12,12.00000,35,250
0.92,5.60642,17.88556,12,12,12.00000,108,327
0.92,4.69627,16.85657,12,12,12.00000,58,444
0.92,3.82830,16.19319,12,12,12.00000,32,97
0.92,6.34080,22.50070,12,12,12.00000,56,1446
0.92,3.29861,15.56005,12,12,12.00000,8,289
0.92,2.66658,12.74208,12,12,12.00000,42,1107
0.92,8.51658,23.47885,12,12,12.00000,18,209
0.92,3.61814,15.19780,12,12,12.00000,36,285
0.92,4.37830,18.72630,12,12,12.00000,46,329
0.92,6.98924,22.16772,12,12,12.00000,21,216
0.92,4.83767,22.96051,12,12,12.00000,9,229
0.92,5.93689,22.67477,12,12,12.00000,9,150
0.92,5.62595,20.95815,12,12,12.00000,22,428
0.92,5.15485,15.93848,12,12,12.00000,10,434
0.92,5.30096,17.28412,12,12,12.00000,8,114
0.92,6.13767,23.74701,12,12,12.00000,8,287
0.92,5.64940,18.02894,12,12,12.00000,37,321
0.92,5.87830,19.14610,12,12,12.00000,25,121
0.92,5.33846,16.53413,12,12,12.00000,55,434
0.92,4.00486,14.29790,12,12,12.00000,9,266
0.92,2.84783,12.36590,12,12,12.00000,33,992
0.92,3.99314,15.86991,12,12,12.00000,39,562
0.92,5.50643,20.39653,12,12,12.00000,14,215
0.92,5.71892,25.15712,1,12,4.66667,56,636
0.92,3.14080,13.09604,12,12,12.00000,8,210
0.92,4.49314,17.66997,12,12,12.00000,26,138
0.92,3.64470,15.13847,12,12,12.00000,8,152
0.92,3.80643,12.61809,12,12,12.00000,51,407
0.92,3.46892,13.13326,12,12,12.00000,28,651
0.92,3.38689,15.03040,12,12,12.00000,36,363
