1.75,2.80174,16.72445,12,12,12.00000,27,1092
1.75,6.32283,23.17314,12,12,12.00000,53,1545
1.75,3.77674,15.50922,12,12,12.00000,26,1551
1.75,6.09783,25.04242,12,12,12.00000,27,1622
1.75,3.78611,13.45052,12,12,12.00000,55,1435
1.75,2.67283,11.61469,12,12,12.00000,29,975
1.75,4.54002,20.64231,12,12,12.00000,21,1912
1.75,4.26971,18.43059,12,12,12.00000,27,1609
1.75,4.89001,16.55922,12,12,12.00000,54,1808
1.75,3.64158,15.12550,12,12,12.00000,26,2010
1.75,3.02361,14.70392,12,12,12.00000,31,1766
1.75,3.54939,16.18705,12,12,12.00000,233,1389
1.75,4.49705,16.46095,12,12,12.00000,60,1722
1.75,4.78611,15.81531,12,12,12.00000,30,1890
1.75,2.49627,10.73807,12,12,12.00000,20,1562
1.75,4.00252,18.79737,12,12,12.00000,46,1236
1.75,5.97830,20.28422,12,12,12.00000,17,1512
1.75,2.96189,12.23331,12,12,12.00000,43,1816
1.75,5.18299,21.06905,12,12,12.00000,218,1491
1.75,4.12049,23.34656,12,12,12.00000,26,2198
1.75,3.07986,12.70619,12,12,12.00000,18,1867
1.75,3.64548,15.34436,12,12,12.00000,16,1677
1.75,3.24939,15.98408,12,12,12.00000,28,1208
1.75,3.80486,15.26332,12,12,12.00000,18,1438
1.75,4.76033,19.19185,12,12,12.00000,35,2331
1.75,2.52361,13.58319,12,12,12.00000,79,1609
1.75,5.70408,20.14686,8,12,9.25000,30,1814
1.75,4.28524,17.67453,1,11,6.00000,17,1608
1.75,3.77048,13.49613,12,12,12.00000,26,1654
1.75,4.13298,15.70404,12,12,12.00000,22,1751
1.75,2.78220,12.16223,12,12,12.00000,31,1282
1.75,4.47205,17.06582,12,12,12.00000,66,2354
1.75,4.50017,20.53041,12,12,12.00000,25,1450
1.75,4.82596,17.02887,12,12,12.00000,20,1536
1.75,4.58533,16.66162,12,12,12.00000,25,1540
1.75,7.15330,22.87682,12,12,12.00000,20,2035
1.75,4.81892,16.01677,12,12,12.00000,37,1396
1.75,7.22829,23.99371,12,12,12.00000,21,1635
1.75,4.12361,16.32204,12,12,12.00000,17,1986
1.75,5.03220,18.79770,12,12,12.00000,44,1259
1.75,5.10642,18.90228,12,12,12.00000,25,1582
1.75,5.43846,18.40863,12,12,12.00000,19,1587
1.75,3.62517,13.70292,12,12,12.00000,74,1133
1.75,5.21580,20.82414,12,12,12.00000,43,1244
1.75,5.36033,21.13552,12,12,12.00000,40,2143
1.75,3.42126,15.61051,12,12,12.00000,21,1928
1.75,7.49861,21.18018,12,12,12.00000,15,1259
1.75,2.38533,9.79288,12,12,12.00000,32,1500
1.75,3.57283,16.62385,12,12,12.00000,73,1518
