0.92,2.96372,12.73318,12,12,12.00000,41,593
1.75,2.43142,13.55025,12,12,12.00000,54,3056
0.92,2.78351,11.41319,12,12,12.00000,18,588
3.17,2.28559,10.53722,12,12,12.00000,59,5478
1.75,2.87153,12.83244,12,12,12.00000,76,1884
3.17,2.47205,12.92892,12,12,12.00000,26,5496
3.17,-Infinity,Infinity,12,12,12.00000,26,4404
0.92,1.80902,9.55076,12,12,12.00000,48,409
0.92,1.99705,9.34701,12,12,12.00000,13,704
1.75,2.67569,10.24719,12,12,12.00000,19,1419
1.75,3.03090,9.61016,6,12,8.33333,173,1455
3.17,-Infinity,Infinity,12,12,12.00000,25,6071
3.17,2.52309,11.81630,7,12,9.00000,29,5868
0.92,1.93507,8.45103,12,12,12.00000,36,239
3.17,-Infinity,Infinity,12,12,12.00000,68,5864
3.17,1.51319,6.11185,12,12,12.00000,30,5885
1.75,1.58351,7.33726,12,12,12.00000,22,1286
3.17,2.10694,9.75930,12,12,12.00000,40,4579
1.75,1.90278,13.71989,12,12,12.00000,57,3156
0.92,2.00590,9.57375,12,12,12.00000,30,380
0.92,3.46007,12.52466,12,12,12.00000,11,687
1.75,2.01996,10.71362,12,12,12.00000,22,1429
0.92,1.90955,9.38282,12,12,12.00000,11,327
3.17,3.90173,15.13461,12,12,12.00000,25,5170
3.17,1.90538,9.30494,12,12,12.00000,28,5704
0.92,1.65590,8.22381,12,12,12.00000,8,244
0.92,1.34236,5.62123,12,12,12.00000,10,324
0.92,1.71962,8.20188,1,11,6.00000,7,126
1.75,2.46996,11.39216,12,12,12.00000,306,1528
3.17,2.48767,11.28622,12,12,12.00000,24,5264
1.75,1.85903,7.75185,12,12,12.00000,17,1920
1.75,2.69757,12.74350,12,12,12.00000,78,1662
0.92,1.99150,10.39013,1,11,6.00000,10,805
1.75,1.89132,8.01991,12,12,12.00000,20,1678
1.75,2.60538,11.36635,12,12,12.00000,55,1258
3.17,3.02569,13.35724,12,12,12.00000,73,4637
3.17,2.18559,11.63804,12,12,12.00000,28,4741
3.17,3.25070,15.33536,12,12,12.00000,26,4951
3.17,2.09722,9.31344,1,11,6.00000,30,5973
0.92,1.76892,8.34439,12,12,12.00000,8,188
0.92,2.07986,9.55868,12,12,12.00000,8,277
0.92,1.52587,8.39519,1,11,6.00000,9,228
1.75,2.22986,10.66973,12,12,12.00000,30,1934
1.75,3.84132,14.76661,12,12,12.00000,86,1449
0.92,2.14757,9.09486,12,12,12.00000,8,138
0.92,1.86788,9.33796,12,12,12.00000,21,289
1.75,2.53507,12.13164,12,12,12.00000,37,1763
3.17,2.55903,9.65006,12,12,12.00000,25,4655
0.92,3.32673,11.41839,12,12,12.00000,11,415
1.75,1.93299,9.40435,12,12,12.00000,158,2249
1.75,2.23976,11.80631,12,12,12.00000,20,1540
0.92,1.77569,10.53499,12,12,12.00000,10,616
1.75,2.66892,13.83011,12,12,12.00000,19,2087
3.17,1.39132,8.67738,12,12,12.00000,280,6304
1.75,1.90538,8.81292,12,12,12.00000,19,1615
3.17,1.81319,8.51180,12,12,12.00000,39,4417
1.75,2.44132,9.55156,12,12,12.00000,20,2010
1.75,1.44097,8.26536,1,11,6.00000,126,1543
3.17,2.51059,10.81252,12,12,12.00000,30,4832
3.17,-Infinity,Infinity,12,12,12.00000,145,4668
3.17,2.83195,9.70953,12,12,12.00000,31,4590
3.17,2.05400,10.04886,1,11,6.00000,119,6184
0.92,2.52153,14.00807,12,12,12.00000,8,181
1.75,1.23976,6.07677,12,12,12.00000,40,1866
1.75,2.16163,10.40497,12,12,12.00000,32,1452
1.75,1.69705,9.36464,12,12,12.00000,73,1656
1.75,1.83924,8.82128,12,12,12.00000,58,1377
0.92,2.76528,12.64638,12,12,12.00000,114,487
1.75,2.45017,10.71651,12,12,12.00000,52,1654
1.75,2.05330,9.40241,12,12,12.00000,51,1587
1.75,1.61997,8.39406,12,12,12.00000,192,1442
3.17,2.32205,10.51693,12,12,12.00000,50,4935
3.17,2.41215,11.64529,12,12,12.00000,25,7100
1.75,1.85069,9.68475,12,12,12.00000,35,1460
0.92,1.17517,7.40340,12,12,12.00000,7,142
1.75,-Infinity,Infinity,12,12,12.00000,46,1923
3.17,1.76476,10.26675,12,12,12.00000,52,5026
3.17,-Infinity,Infinity,12,12,12.00000,27,4932
3.17,1.09306,5.92728,4,8,6.00000,33,5999
0.92,1.84809,11.39846,12,12,12.00000,10,353
3.17,3.86580,14.31998,12,12,12.00000,40,5814
1.75,1.80504,10.39495,1,11,6.00000,22,1872
0.92,1.96163,8.50572,12,12,12.00000,8,187
3.17,2.43038,11.55661,12,12,12.00000,26,4508
0.92,1.57986,7.59966,12,12,12.00000,6,105
0.92,2.66736,11.46404,12,12,12.00000,45,599
1.75,1.71111,9.65849,12,12,12.00000,17,1317
3.17,1.91840,9.95199,12,12,12.00000,43,6037
1.75,2.20278,11.83494,12,12,12.00000,51,1218
0.92,1.34861,7.25365,12,12,12.00000,10,404
3.17,4.47048,15.86244,12,12,12.00000,46,5302
0.92,1.82986,9.11915,12,12,12.00000,44,588
0.92,1.57517,8.60602,12,12,12.00000,40,160
0.92,2.09392,11.18747,12,12,12.00000,10,359
3.17,2.32830,14.73022,12,12,12.00000,84,5559
3.17,2.17413,8.65235,12,12,12.00000,41,5104
3.17,3.42986,13.88080,12,12,12.00000,37,4750
1.75,1.65538,9.28795,12,12,12.00000,128,1521
3.17,1.09340,7.34752,12,12,12.00000,55,6004
0.92,1.88090,9.06277,12,12,12.00000,10,355
0.92,2.27569,11.46535,12,12,12.00000,69,345
0.92,2.20486,8.84876,12,12,12.00000,16,423
0.92,1.71580,11.16081,12,12,12.00000,34,2642
1.75,2.72048,12.30553,12,12,12.00000,45,1103
1.75,1.58038,8.75305,12,12,12.00000,197,1743
1.75,2.28298,10.11989,12,12,12.00000,19,2397
0.92,2.69757,10.17932,12,12,12.00000,41,276
0.92,2.67830,12.57047,12,12,12.00000,13,183
3.17,-Infinity,Infinity,12,12,12.00000,44,5513
1.75,2.61163,11.86348,12,12,12.00000,19,1713
1.75,2.07049,9.69405,12,12,12.00000,19,1407
3.17,2.31736,12.16362,12,12,12.00000,48,5196
0.92,2.25174,8.59818,12,12,12.00000,39,231
0.92,1.76077,8.28535,1,11,6.00000,14,1441
3.17,1.76163,8.44485,12,12,12.00000,26,6041
3.17,1.88768,10.79283,12,12,12.00000,52,5005
3.17,1.91840,11.56173,12,12,12.00000,30,5058
1.75,1.70903,8.37973,12,12,12.00000,21,1651
1.75,2.96060,10.83578,12,12,12.00000,17,1471
3.17,2.39965,10.48120,12,12,12.00000,85,5677
0.92,1.40642,8.67521,12,12,12.00000,35,684
1.75,2.70330,11.37582,12,12,12.00000,31,1371
0.92,1.64809,8.71596,12,12,12.00000,8,248
1.75,1.45954,8.74769,12,12,12.00000,16,1763
1.75,2.61267,12.30308,12,12,12.00000,54,1294
0.92,1.11268,6.04561,12,12,12.00000,7,116
3.17,1.88455,11.53070,12,12,12.00000,34,4777
1.75,1.83559,10.21042,12,12,12.00000,29,1804
3.17,3.34601,16.00123,12,12,12.00000,28,4953
0.92,2.83820,10.54377,12,12,12.00000,8,296
3.17,2.83611,10.26222,12,12,12.00000,31,5259
1.75,1.69236,9.61313,12,12,12.00000,20,1935
0.92,1.85851,9.53004,12,12,12.00000,12,997
0.92,2.20226,9.47929,12,12,12.00000,35,277
0.92,2.28924,11.21345,12,12,12.00000,9,285
3.17,2.11337,9.23897,1,11,6.00000,42,4942
0.92,2.11163,8.20483,12,12,12.00000,9,699
0.92,2.44392,10.70844,12,12,12.00000,43,98
3.17,1.18837,5.17912,1,11,6.00000,27,4531
3.17,2.44705,11.40843,12,12,12.00000,41,4280
3.17,2.04236,9.13340,12,12,12.00000,34,4565
0.92,2.34705,9.96734,12,12,12.00000,14,1130
1.75,1.57882,8.53054,12,12,12.00000,25,2496
3.17,1.49496,7.13800,12,12,12.00000,25,5599
0.92,2.13559,9.17136,12,12,12.00000,127,506
0.92,1.92570,10.72034,12,12,12.00000,11,430
1.75,3.81111,13.99937,12,12,12.00000,103,2576
1.75,1.00799,5.74215,12,12,12.00000,22,2965
1.75,2.03819,10.33878,12,12,12.00000,40,2315
3.17,1.33455,7.86160,12,12,12.00000,27,4878
