3.17,10.71525,0.93308,1,9,3.00000,28,5382
3.17,11.79169,1.19148,1,8,4.00000,26,4725
3.17,9.12500,0.87918,1,7,4.00000,53,5158
3.17,17.59029,1.83352,1,5,3.00000,31,4719
3.17,9.27084,1.13925,1,6,4.00000,41,4175
3.17,6.22917,1.08858,1,10,4.00000,25,4318
3.17,28.38900,2.63695,1,11,6.00000,53,5244
3.17,15.22914,1.51443,1,9,4.00000,26,5417
3.17,8.22918,0.81492,2,6,4.00000,25,5564
3.17,21.81948,1.47685,1,8,3.00000,44,6141
3.17,6.49996,0.53731,1,6,4.00000,25,5267
3.17,7.28469,0.79881,3,9,6.00000,28,4531
3.17,7.90277,0.92541,1,5,3.00000,26,4925
3.17,11.70142,1.29965,1,11,6.00000,47,4582
3.17,7.21529,0.75231,1,6,3.00000,51,4465
3.17,13.22225,1.27028,1,11,6.00000,26,5446
3.17,9.54165,0.84145,1,9,4.00000,35,5102
3.17,24.05556,2.48786,5,7,6.00000,32,5754
3.17,15.10417,1.33858,3,6,4.00000,31,5763
3.17,15.57633,1.49437,1,11,6.00000,26,5479
3.17,11.43753,0.95027,1,8,4.00000,31,5764
3.17,12.65275,1.17869,12,12,12.00000,27,4675
3.17,8.88196,1.04944,1,6,3.00000,26,4473
3.17,48.38900,3.49348,1,11,6.00000,30,4244
3.17,8.91665,0.86594,3,5,4.00000,26,4410
3.17,19.32638,1.71679,5,7,6.00000,31,5609
3.17,3.67361,0.31776,1,3,1.71429,26,5977
3.17,4.62500,0.46853,1,5,2.00000,22,5176
3.17,10.54175,1.03513,1,10,4.00000,47,4772
3.17,3.40277,0.33543,1,5,3.00000,27,4867
3.17,6.41665,0.67400,1,8,4.00000,43,5458
