1.75,9.80558,1.05576,1,11,6.00000,67,1382
1.75,7.02081,0.81411,1,8,4.00000,33,1197
1.75,9.15975,0.86684,1,11,6.00000,38,1997
1.75,6.59027,0.77974,1,7,3.00000,80,1462
1.75,6.79171,0.89763,1,10,4.00000,39,1192
1.75,20.61808,1.86712,1,11,6.00000,129,1549
1.75,24.49308,2.09153,6,6,6.00000,43,2644
1.75,5.09025,0.45385,1,9,3.00000,18,1525
1.75,16.79167,1.72307,1,10,4.00000,17,1039
1.75,7.53473,0.73091,1,6,2.40000,25,1928
1.75,9.02085,0.98144,1,9,4.00000,20,1483
1.75,9.39583,0.98765,1,10,4.00000,38,2163
1.75,12.85417,1.35700,1,10,4.00000,19,2310
1.75,10.54167,1.09742,1,6,4.00000,20,1542
1.75,3.43058,0.30538,1,8,2.40000,16,1805
1.75,5.15971,0.57779,1,5,2.40000,77,1455
1.75,23.11108,1.69358,12,12,12.00000,154,1906
1.75,7.70140,0.69143,1,6,2.40000,23,1909
1.75,7.04167,0.60806,1,10,4.00000,34,1294
1.75,6.86108,0.65449,1,9,3.00000,86,1296
1.75,5.63196,0.53836,1,6,3.00000,27,1298
1.75,14.65975,1.70992,1,11,6.00000,26,1794
1.75,12.33333,1.51912,1,10,4.00000,27,1383
1.75,22.50000,2.18385,1,10,4.00000,62,1382
1.75,26.02083,2.10684,1,7,4.00000,71,1527
1.75,14.62500,1.52532,1,10,4.00000,48,2318
1.75,13.18750,1.48756,1,7,4.00000,18,1538
1.75,6.71524,0.80284,1,7,3.00000,186,1595
1.75,19.63892,2.11190,4,8,6.00000,52,1475
1.75,7.27779,0.90307,1,9,3.00000,68,1836
1.75,10.66668,0.92489,1,8,4.00000,18,1617
1.75,4.36804,0.53266,1,8,2.40000,71,1337
1.75,5.64585,0.58999,1,6,2.00000,16,1846
1.75,9.75696,1.34567,1,9,3.00000,27,1971
1.75,8.17358,0.69407,1,9,3.00000,25,1807
1.75,2.02083,0.19390,1,4,2.00000,17,2467
1.75,14.02776,0.99181,1,9,3.00000,18,1319
1.75,34.06958,2.58446,12,12,12.00000,21,2035
1.75,14.81947,1.32258,1,8,3.00000,18,1527
