3.17,16.12496,1.58938,1,7,4.00000,30,6999
3.17,4.33333,0.37543,1,3,2.00000,27,4255
3.17,31.99998,2.23158,1,6,4.00000,77,4865
3.17,5.86108,0.61937,1,9,3.00000,30,5553
3.17,18.72223,1.61578,1,6,2.40000,25,5210
3.17,24.99998,2.98218,1,9,4.00000,26,5533
3.17,12.24998,1.18310,3,5,4.00000,29,4800
3.17,9.08334,0.71096,1,4,2.00000,23,5059
3.17,10.22223,1.04393,1,7,2.40000,26,4811
3.17,9.84723,0.98210,1,6,2.40000,26,5111
3.17,6.86112,0.70192,1,6,3.00000,26,5044
3.17,6.84722,0.70543,1,4,2.40000,36,4793
3.17,15.83333,1.38333,1,7,2.00000,26,4814
3.17,27.33331,1.77132,1,4,2.00000,27,4515
3.17,10.86112,1.07461,1,6,3.00000,43,5695
3.17,8.08335,0.69763,1,6,2.00000,32,5566
3.17,8.73612,0.69994,1,5,3.00000,45,6222
3.17,12.48608,1.38737,1,9,3.00000,29,4475
3.17,6.84721,0.84701,1,8,2.40000,25,4658
3.17,8.34722,0.83702,1,7,2.40000,22,5293
3.17,11.48610,0.82685,1,7,3.00000,21,5025
3.17,13.37500,1.51494,4,4,4.00000,26,4886
3.17,7.84725,0.77180,1,6,2.40000,33,4968
3.17,10.36111,1.04346,1,7,3.00000,26,6055
3.17,11.48611,1.22950,1,6,3.00000,56,5778
3.17,11.25000,0.88952,1,7,4.00000,34,5337
3.17,10.61112,1.29079,1,6,3.00000,27,4481
