0.92,6.12986,21.20429,12,12,12.00000,9,632
1.75,2.80174,16.72445,12,12,12.00000,27,1092
3.17,5.64939,19.32085,12,12,12.00000,28,5361
3.17,4.39861,17.50146,12,12,12.00000,35,4954
3.17,3.80174,16.58393,12,12,12.00000,29,5109
0.92,4.07361,16.81302,12,12,12.00000,12,259
3.17,5.25955,22.15422,12,12,12.00000,35,5580
1.75,6.32283,23.17314,12,12,12.00000,53,1545
1.75,3.77674,15.50922,12,12,12.00000,26,1551
3.17,3.36502,17.05830,12,12,12.00000,26,4534
0.92,9.14081,24.55041,12,12,12.00000,11,808
1.75,6.09783,25.04242,12,12,12.00000,27,1622
0.92,4.47205,19.57534,12,12,12.00000,15,196
3.17,3.19549,13.90807,12,12,12.00000,33,5139
3.17,3.36970,15.61856,12,12,12.00000,40,5585
0.92,2.74314,10.93499,12,12,12.00000,34,411
1.75,3.78611,13.45052,12,12,12.00000,55,1435
0.92,4.64705,20.66718,12,12,12.00000,9,110
0.92,4.62986,20.68271,12,12,12.00000,49,307
0.92,3.86892,17.97670,12,12,12.00000,16,115
3.17,4.38220,19.98155,12,12,12.00000,25,5169
1.75,2.67283,11.61469,12,12,12.00000,29,975
0.92,3.06814,17.34256,12,12,12.00000,9,351
3.17,5.55486,20.68427,12,12,12.00000,70,4806
0.92,8.13845,23.31831,12,12,12.00000,50,377
3.17,6.51736,22.90309,12,12,12.00000,28,5617
1.75,4.54002,20.64231,12,12,12.00000,21,1912
3.17,4.01424,21.36032,12,12,12.00000,30,5221
0.92,5.01267,14.30756,12,12,12.00000,58,267
0.92,6.14314,21.85806,12,12,12.00000,60,139
3.17,4.09705,16.58042,12,12,12.00000,39,5249
1.75,4.26971,18.43059,12,12,12.00000,27,1609
3.17,3.97439,18.57463,12,12,12.00000,34,4671
3.17,3.13611,13.28597,12,12,12.00000,39,4955
1.75,4.89001,16.55922,12,12,12.00000,54,1808
3.17,3.63767,14.90086,12,12,12.00000,45,5263
0.92,4.38767,15.92125,12,12,12.00000,9,371
1.75,3.64158,15.12550,12,12,12.00000,26,2010
1.75,3.02361,14.70392,12,12,12.00000,31,1766
3.17,3.35017,19.85932,12,12,12.00000,27,4600
0.92,5.20798,19.39828,12,12,12.00000,9,245
1.75,3.54939,16.18705,12,12,12.00000,233,1389
1.75,4.49705,16.46095,12,12,12.00000,60,1722
0.92,2.88455,11.58599,12,12,12.00000,15,1466
0.92,5.87752,24.85701,12,12,12.00000,28,261
3.17,5.26658,19.39027,12,12,12.00000,26,4776
0.92,7.19158,18.96459,12,12,12.00000,11,408
3.17,4.99314,22.73162,12,12,12.00000,80,5319
1.75,4.78611,15.81531,12,12,12.00000,30,1890
1.75,2.49627,10.73807,12,12,12.00000,20,1562
1.75,4.00252,18.79737,12,12,12.00000,46,1236
3.17,4.51971,16.57706,12,12,12.00000,49,5726
3.17,7.58924,22.92226,12,12,12.00000,30,5642
3.17,4.69471,17.62442,12,12,12.00000,26,4833
3.17,3.74158,18.02695,12,12,12.00000,24,4984
1.75,5.97830,20.28422,12,12,12.00000,17,1512
3.17,4.92517,20.34473,12,12,12.00000,45,5380
3.17,3.52127,17.16775,12,12,12.00000,28,4390
1.75,2.96189,12.23331,12,12,12.00000,43,1816
1.75,5.18299,21.06905,12,12,12.00000,218,1491
3.17,3.79158,17.04500,12,12,12.00000,30,5225
0.92,1.83221,7.87041,12,12,12.00000,7,155
0.92,5.06658,17.99001,12,12,12.00000,47,313
0.92,5.63611,22.95988,12,12,12.00000,35,250
1.75,4.12049,23.34656,12,12,12.00000,26,2198
1.75,3.07986,12.70619,12,12,12.00000,18,1867
1.75,3.64548,15.34436,12,12,12.00000,16,1677
3.17,5.71268,18.49932,12,12,12.00000,32,5608
3.17,5.53455,22.96567,12,12,12.00000,30,5770
0.92,5.60642,17.88556,12,12,12.00000,108,327
1.75,3.24939,15.98408,12,12,12.00000,28,1208
0.92,4.69627,16.85657,12,12,12.00000,58,444
1.75,3.80486,15.26332,12,12,12.00000,18,1438
0.92,3.82830,16.19319,12,12,12.00000,32,97
3.17,4.00877,21.81829,12,12,12.00000,27,5127
3.17,4.26893,14.85652,12,12,12.00000,28,6576
1.75,4.76033,19.19185,12,12,12.00000,35,2331
1.75,2.52361,13.58319,12,12,12.00000,79,1609
0.92,6.34080,22.50070,12,12,12.00000,56,1446
1.75,5.70408,20.14686,8,12,9.25000,30,1814
0.92,3.29861,15.56005,12,12,12.00000,8,289
1.75,4.28524,17.67453,1,11,6.00000,17,1608
0.92,2.66658,12.74208,12,12,12.00000,42,1107
3.17,4.70564,22.27853,12,12,12.00000,33,4704
3.17,4.11346,17.10210,12,12,12.00000,29,5438
0.92,8.51658,23.47885,12,12,12.00000,18,209
1.75,3.77048,13.49613,12,12,12.00000,26,1654
1.75,4.13298,15.70404,12,12,12.00000,22,1751
0.92,3.61814,15.19780,12,12,12.00000,36,285
1.75,2.78220,12.16223,12,12,12.00000,31,1282
3.17,5.07283,20.55402,12,12,12.00000,35,4934
0.92,4.37830,18.72630,12,12,12.00000,46,329
3.17,3.40017,16.10979,12,12,12.00000,26,5493
0.92,6.98924,22.16772,12,12,12.00000,21,216
3.17,4.85017,21.00211,12,12,12.00000,27,4661
0.92,4.83767,22.96051,12,12,12.00000,9,229
3.17,5.90564,23.40896,12,12,12.00000,40,5039
3.17,4.66110,15.80789,12,12,12.00000,65,5450
3.17,-Infinity,Infinity,6,12,8.66667,26,5575
1.75,4.47205,17.06582,12,12,12.00000,66,2354
1.75,4.50017,20.53041,12,12,12.00000,25,1450
1.75,4.82596,17.02887,12,12,12.00000,20,1536
0.92,5.93689,22.67477,12,12,12.00000,9,150
3.17,4.11658,16.83942,12,12,12.00000,25,5136
0.92,5.62595,20.95815,12,12,12.00000,22,428
3.17,4.65486,15.88690,12,12,12.00000,26,5592
3.17,5.35564,19.13958,12,12,12.00000,33,5069
1.75,-Infinity,Infinity,12,12,12.00000,33,2825
3.17,5.30877,19.47222,12,12,12.00000,26,5155
0.92,5.15485,15.93848,12,12,12.00000,10,434
3.17,-Infinity,Infinity,1,11,6.00000,33,4978
1.75,4.58533,16.66162,12,12,12.00000,25,1540
1.75,7.15330,22.87682,12,12,12.00000,20,2035
1.75,4.81892,16.01677,12,12,12.00000,37,1396
3.17,3.84930,15.98154,1,11,6.00000,28,4504
0.92,5.30096,17.28412,12,12,12.00000,8,114
3.17,3.96502,16.64225,12,12,12.00000,27,5664
0.92,6.13767,23.74701,12,12,12.00000,8,287
1.75,7.22829,23.99371,12,12,12.00000,21,1635
1.75,4.12361,16.32204,12,12,12.00000,17,1986
0.92,5.64940,18.02894,12,12,12.00000,37,321
0.92,5.87830,19.14610,12,12,12.00000,25,121
3.17,5.11189,16.04909,12,12,12.00000,28,4811
1.75,5.03220,18.79770,12,12,12.00000,44,1259
1.75,5.10642,18.90228,12,12,12.00000,25,1582
1.75,5.43846,18.40863,12,12,12.00000,19,1587
0.92,5.33846,16.53413,12,12,12.00000,55,434
0.92,4.00486,14.29790,12,12,12.00000,9,266
0.92,2.84783,12.36590,12,12,12.00000,33,992
1.75,3.62517,13.70292,12,12,12.00000,74,1133
0.92,3.99314,15.86991,12,12,12.00000,39,562
0.92,5.50643,20.39653,12,12,12.00000,14,215
1.75,5.21580,20.82414,12,12,12.00000,43,1244
1.75,5.36033,21.13552,12,12,12.00000,40,2143
1.75,3.42126,15.61051,12,12,12.00000,21,1928
1.75,7.49861,21.18018,12,12,12.00000,15,1259
0.92,5.71892,25.15712,1,12,4.66667,56,636
0.92,3.14080,13.09604,12,12,12.00000,8,210
1.75,2.38533,9.79288,12,12,12.00000,32,1500
3.17,4.24470,18.43832,12,12,12.00000,33,5162
3.17,-Infinity,Infinity,4,8,6.00000,32,4619
3.17,3.50017,16.37209,12,12,12.00000,34,5791
0.92,4.49314,17.66997,12,12,12.00000,26,138
3.17,6.19002,19.42444,12,12,12.00000,24,4659
0.92,3.64470,15.13847,12,12,12.00000,8,152
1.75,3.57283,16.62385,12,12,12.00000,73,1518
0.92,3.80643,12.61809,12,12,12.00000,51,407
0.92,3.46892,13.13326,12,12,12.00000,28,651
3.17,3.18611,13.18022,12,12,12.00000,28,5672
0.92,3.38689,15.03040,12,12,12.00000,36,363
