1.75,-Infinity,Infinity,2,10,6.00000,99,1479
0.92,37.65275,2.94815,12,12,12.00000,14,759
3.17,-Infinity,Infinity,1,4,2.40000,45,4509
3.17,-Infinity,Infinity,1,6,4.00000,60,5197
0.92,13.12500,1.26605,1,10,4.00000,8,211
0.92,11.33333,1.11098,1,7,2.00000,27,487
3.17,-Infinity,Infinity,1,5,3.00000,54,4830
3.17,16.12496,1.58938,1,7,4.00000,30,6999
0.92,12.51392,1.13834,1,11,6.00000,62,380
0.92,10.86108,0.94221,1,9,3.00000,21,2364
0.92,10.52767,1.25187,12,12,12.00000,11,264
3.17,4.33333,0.37543,1,3,2.00000,27,4255
3.17,31.99998,2.23158,1,6,4.00000,77,4865
0.92,18.00000,1.09707,1,10,4.00000,48,656
1.75,-Infinity,Infinity,1,7,3.00000,59,1424
3.17,-Infinity,Infinity,1,6,3.00000,87,5889
0.92,5.25000,0.55235,1,10,4.00000,101,381
1.75,15.11108,1.49723,1,5,3.00000,18,1749
1.75,-Infinity,Infinity,1,6,3.00000,42,1690
0.92,10.87500,1.30210,1,10,4.00000,17,426
1.75,-Infinity,Infinity,1,6,4.00000,78,1617
3.17,-Infinity,Infinity,1,6,3.00000,59,5093
1.75,29.51392,2.62137,1,11,6.00000,67,1829
3.17,-Infinity,Infinity,1,6,4.00000,182,4629
0.92,8.73612,1.00015,1,9,3.00000,12,124
0.92,12.52775,1.63775,12,12,12.00000,93,392
1.75,-Infinity,Infinity,1,6,3.00000,75,2026
3.17,5.86108,0.61937,1,9,3.00000,30,5553
1.75,7.59723,0.86529,1,6,2.40000,18,1854
0.92,31.15275,3.52357,12,12,12.00000,34,297
0.92,9.01392,0.84096,1,11,6.00000,11,528
1.75,18.61109,1.79705,1,5,3.00000,34,1247
0.92,9.86108,0.99561,1,9,3.00000,8,102
0.92,15.12500,1.79912,1,10,4.00000,8,187
0.92,9.11110,0.74545,1,7,3.00000,39,483
3.17,18.72223,1.61578,1,6,2.40000,25,5210
1.75,9.12502,1.05639,1,6,4.00000,20,1813
1.75,14.62502,1.41305,1,8,4.00000,21,1667
1.75,13.34723,1.13698,1,6,2.40000,17,1613
1.75,-Infinity,Infinity,1,8,4.00000,98,1903
0.92,28.40275,2.20223,12,12,12.00000,11,591
1.75,-Infinity,Infinity,1,9,3.00000,88,1601
3.17,24.99998,2.98218,1,9,4.00000,26,5533
3.17,-Infinity,Infinity,1,6,2.40000,64,4875
1.75,-Infinity,Infinity,1,7,2.00000,33,1546
1.75,-Infinity,Infinity,1,9,4.00000,48,1169
1.75,22.75000,2.27159,1,10,4.00000,22,1430
0.92,14.50000,1.49790,1,10,4.00000,30,348
0.92,10.63892,1.07459,1,11,6.00000,8,213
3.17,-Infinity,Infinity,1,10,4.00000,71,5656
3.17,12.24998,1.18310,3,5,4.00000,29,4800
3.17,9.08334,0.71096,1,4,2.00000,23,5059
1.75,-Infinity,Infinity,1,11,6.00000,49,1660
3.17,10.22223,1.04393,1,7,2.40000,26,4811
3.17,9.84723,0.98210,1,6,2.40000,26,5111
3.17,6.86112,0.70192,1,6,3.00000,26,5044
1.75,8.25004,0.64247,1,8,4.00000,37,1115
0.92,12.09722,1.21769,1,4,2.40000,7,184
0.92,8.62500,1.13981,1,10,4.00000,7,252
0.92,3.48608,0.34464,1,9,3.00000,14,459
1.75,-Infinity,Infinity,1,6,2.40000,29,1477
0.92,7.23608,0.55309,1,9,3.00000,7,231
3.17,6.84722,0.70543,1,4,2.40000,36,4793
0.92,8.13888,1.02774,1,11,6.00000,9,237
0.92,17.74997,1.71053,1,9,4.00000,8,315
0.92,21.61108,1.86450,1,9,3.00000,8,324
1.75,22.74998,1.36899,1,9,4.00000,19,1529
3.17,15.83333,1.38333,1,7,2.00000,26,4814
1.75,-Infinity,Infinity,1,5,2.40000,37,1540
1.75,22.38892,2.03043,4,8,6.00000,25,2373
1.75,11.25000,1.25383,1,10,4.00000,240,1609
3.17,27.33331,1.77132,1,4,2.00000,27,4515
3.17,-Infinity,Infinity,1,6,4.00000,71,4817
1.75,3.04167,0.32152,1,3,1.33333,27,1464
0.92,5.83333,0.43420,1,7,2.00000,8,161
1.75,8.75002,1.01437,1,6,4.00000,19,1647
0.92,10.63892,1.10695,1,11,6.00000,21,484
3.17,-Infinity,Infinity,1,8,3.00000,44,4910
0.92,13.38892,1.27638,1,11,6.00000,7,103
0.92,12.12500,1.34582,1,10,4.00000,42,122
1.75,-Infinity,Infinity,1,4,2.40000,78,1594
0.92,6.76390,0.76220,2,10,6.00000,81,381
3.17,10.86112,1.07461,1,6,3.00000,43,5695
0.92,15.36108,1.19396,1,9,3.00000,41,468
0.92,22.88892,2.33104,1,11,6.00000,39,680
1.75,5.50000,0.46214,1,10,4.00000,24,1418
3.17,-Infinity,Infinity,1,6,4.00000,267,5696
0.92,38.65275,3.39941,12,12,12.00000,8,175
1.75,-Infinity,Infinity,1,5,3.00000,22,1479
0.92,18.65275,1.67932,12,12,12.00000,8,273
1.75,9.69446,0.85884,1,6,1.71429,74,1512
3.17,-Infinity,Infinity,1,6,2.00000,38,4911
0.92,9.23608,0.88136,1,9,3.00000,27,415
1.75,11.98608,1.09585,1,9,3.00000,34,1454
1.75,-Infinity,Infinity,1,5,3.00000,39,1682
0.92,11.00004,1.19360,1,6,4.00000,6,76
3.17,8.08335,0.69763,1,6,2.00000,32,5566
0.92,9.86111,1.19532,1,6,3.00000,20,281
1.75,-Infinity,Infinity,1,10,4.00000,138,1892
3.17,8.73612,0.69994,1,5,3.00000,45,6222
3.17,-Infinity,Infinity,1,4,2.00000,72,5522
0.92,20.25000,1.67005,1,10,4.00000,64,142
0.92,7.25000,0.73049,1,10,4.00000,7,196
3.17,12.48608,1.38737,1,9,3.00000,29,4475
1.75,-Infinity,Infinity,2,6,4.00000,222,1394
0.92,17.00000,1.61380,1,10,4.00000,9,236
1.75,-Infinity,Infinity,1,8,2.40000,31,1398
1.75,7.08331,0.53302,1,5,2.00000,35,1631
3.17,6.84721,0.84701,1,8,2.40000,25,4658
3.17,-Infinity,Infinity,1,7,3.00000,50,5082
1.75,-Infinity,Infinity,1,7,4.00000,128,2027
3.17,-Infinity,Infinity,1,5,1.71429,50,4818
3.17,8.34722,0.83702,1,7,2.40000,22,5293
3.17,-Infinity,Infinity,1,7,2.40000,49,5718
3.17,-Infinity,Infinity,1,4,2.40000,136,4769
1.75,11.01390,1.51169,6,6,6.00000,32,2234
3.17,-Infinity,Infinity,1,8,3.00000,32,5576
1.75,16.51389,1.40064,2,10,6.00000,37,1946
3.17,11.48610,0.82685,1,7,3.00000,21,5025
1.75,7.98612,0.91773,1,6,3.00000,16,2477
1.75,-Infinity,Infinity,1,10,4.00000,23,1676
3.17,-Infinity,Infinity,1,7,3.00000,31,6015
0.92,15.62496,1.21967,1,6,4.00000,31,102
0.92,3.70835,0.35874,1,6,2.00000,14,990
3.17,-Infinity,Infinity,3,6,4.00000,240,5140
0.92,9.34721,1.31705,1,8,2.40000,47,454
0.92,10.51392,1.16495,6,6,6.00000,78,407
1.75,-Infinity,Infinity,1,8,4.00000,92,1560
1.75,12.47221,0.95831,1,5,2.40000,25,1664
1.75,-Infinity,Infinity,6,6,6.00000,125,1847
1.75,-Infinity,Infinity,1,11,6.00000,24,1498
0.92,7.00000,0.64966,1,10,4.00000,25,662
3.17,13.37500,1.51494,4,4,4.00000,26,4886
1.75,-Infinity,Infinity,1,5,3.00000,31,1115
1.75,-Infinity,Infinity,1,6,3.00000,17,2025
3.17,-Infinity,Infinity,1,6,2.40000,59,4574
3.17,7.84725,0.77180,1,6,2.40000,33,4968
3.17,-Infinity,Infinity,1,7,3.00000,73,4711
0.92,11.44444,1.00703,1,4,1.71429,10,228
3.17,10.36111,1.04346,1,7,3.00000,26,6055
1.75,8.47223,0.76759,1,7,2.40000,48,1608
0.92,16.02775,1.30734,12,12,12.00000,7,142
3.17,11.48611,1.22950,1,6,3.00000,56,5778
3.17,11.25000,0.88952,1,7,4.00000,34,5337
0.92,10.00000,0.94434,1,10,4.00000,8,170
3.17,-Infinity,Infinity,1,4,2.40000,54,4884
0.92,22.15275,2.20462,12,12,12.00000,9,253
1.75,-Infinity,Infinity,1,10,4.00000,51,1646
1.75,14.73608,1.46740,1,5,3.00000,21,1409
3.17,10.61112,1.29079,1,6,3.00000,27,4481
