3.00,3.97439,18.57463,12,12,12.00000,27,7316
3.00,6.51736,22.90309,12,12,12.00000,47,7137
3.00,4.69471,17.62442,12,12,12.00000,27,7927
3.00,5.55486,20.68428,12,12,12.00000,30,5803
3.00,7.58924,22.92227,12,12,12.00000,28,7868
3.00,4.66110,15.80789,12,12,12.00000,27,7635
3.00,5.25955,22.15421,12,12,12.00000,27,6513
3.00,4.01424,21.36031,12,12,12.00000,31,7123
3.00,3.36502,17.05830,12,12,12.00000,38,7385
3.00,5.07283,20.55402,12,12,12.00000,25,8080
3.00,4.11346,17.10210,12,12,12.00000,26,6853
3.00,3.13611,13.28597,12,12,12.00000,143,7897
3.00,3.63768,14.90087,12,12,12.00000,26,7027
3.00,3.36971,15.61857,12,12,12.00000,37,7833
3.00,3.50017,16.37209,12,12,12.00000,29,8153
3.00,4.11658,16.83941,12,12,12.00000,37,5895
3.00,4.00877,21.81829,12,12,12.00000,125,6526
3.00,4.99314,22.73161,12,12,12.00000,26,7063
3.00,5.30876,19.47221,12,12,12.00000,26,8356
3.00,5.35564,19.13957,12,12,12.00000,26,6726
3.00,3.19549,13.90807,12,12,12.00000,35,7685
3.00,2.98759,12.26502,4,8,6.00000,25,7036
3.00,5.90564,23.40897,12,12,12.00000,29,8047
3.00,6.19002,19.42444,12,12,12.00000,23,7103
3.00,4.24470,18.43832,12,12,12.00000,32,7689
3.00,3.52127,17.16775,12,12,12.00000,28,7427
3.00,5.56736,21.08599,12,12,12.00000,37,7606
3.00,4.85017,21.00211,12,12,12.00000,28,6938
3.00,4.38220,19.98155,12,12,12.00000,29,6806
3.00,4.65486,15.88691,12,12,12.00000,60,6744
3.00,4.70564,22.27853,12,12,12.00000,29,6838
3.00,4.51971,16.57707,12,12,12.00000,30,7045
3.00,3.74158,18.02695,12,12,12.00000,39,4603
3.00,5.53455,22.96567,12,12,12.00000,25,8147
3.00,4.39861,17.50146,12,12,12.00000,32,6634
3.00,4.26893,14.85652,12,12,12.00000,73,7401
3.00,3.96502,16.64226,12,12,12.00000,35,7036
3.00,5.06806,16.97132,1,11,6.00000,42,5494
3.00,3.35017,19.85932,12,12,12.00000,26,6318
3.00,4.09705,16.58042,12,12,12.00000,28,7791
3.00,3.79158,17.04500,12,12,12.00000,26,6730
3.00,3.80174,16.58394,12,12,12.00000,31,7110
3.00,5.26658,19.39028,12,12,12.00000,26,7147
3.00,4.92517,20.34473,12,12,12.00000,28,7505
3.00,5.11189,16.04909,12,12,12.00000,36,8576
