1.00,17.12500,1.62566,1,10,4.00000,32,100
1.00,10.00000,0.94434,1,10,4.00000,41,75
1.00,9.13892,0.92270,1,11,6.00000,45,54
1.00,8.88888,0.84823,4,8,6.00000,6,89
1.00,10.47223,0.92148,1,4,2.40000,6,80
1.00,15.50004,1.20476,1,8,4.00000,7,107
1.00,23.12498,2.35509,1,9,4.00000,48,91
1.00,10.87500,1.18003,1,10,4.00000,7,83
1.00,10.63892,1.10695,1,11,6.00000,6,75
1.00,10.61110,0.92052,1,8,3.00000,41,85
1.00,11.50002,1.15757,1,6,4.00000,7,88
1.00,3.37500,0.33366,1,10,4.00000,28,85
1.00,10.13892,1.21397,1,11,6.00000,6,94
1.00,8.62500,1.13981,1,10,4.00000,7,80
1.00,5.84725,0.43523,1,8,2.40000,50,133
1.00,9.86110,1.19532,1,7,3.00000,6,69
1.00,8.13888,1.02774,1,11,6.00000,6,83
1.00,3.97222,0.38427,1,7,2.40000,6,98
1.00,10.76392,1.08722,1,11,6.00000,41,85
1.00,13.87500,1.32271,1,7,4.00000,6,79
1.00,8.62502,0.70568,1,8,4.00000,8,92
1.00,13.01392,1.25534,1,11,6.00000,60,95
1.00,20.13892,1.66088,1,11,6.00000,7,54
1.00,14.50000,1.49790,1,7,4.00000,44,77
1.00,16.37500,1.33567,1,10,4.00000,23,104
1.00,10.76389,1.27995,2,10,6.00000,7,121
1.00,38.65275,3.39941,12,12,12.00000,38,84
1.00,19.37496,1.74435,1,6,4.00000,6,89
1.00,5.25000,0.55235,1,10,4.00000,56,74
1.00,15.62498,1.85860,1,8,4.00000,6,87
1.00,31.38900,3.55029,1,11,6.00000,6,81
1.00,9.01400,0.84097,1,11,6.00000,41,61
1.00,17.88892,1.72392,1,11,6.00000,6,79
1.00,15.62504,1.21967,1,8,4.00000,7,92
1.00,12.52775,1.63775,12,12,12.00000,8,86
1.00,7.48608,0.57219,1,9,3.00000,6,100
1.00,9.47223,1.33466,1,6,2.40000,12,97
1.00,8.62498,0.98743,1,6,4.00000,7,115
1.00,6.88892,0.69411,1,11,6.00000,10,149
1.00,28.40275,2.20223,12,12,12.00000,59,63
1.00,10.51390,1.16495,3,9,6.00000,54,103
1.00,7.33333,0.82637,1,5,2.00000,7,66
1.00,37.65275,2.94815,12,12,12.00000,20,61
1.00,21.12500,1.82256,1,10,4.00000,13,119
1.00,12.51392,1.13834,6,6,6.00000,40,73
1.00,12.01392,1.33349,1,11,6.00000,24,94
