2.00,15.34725,1.49453,1,11,6.00000,40,2479
2.00,9.39583,0.98765,1,10,4.00000,32,3046
2.00,7.53471,0.73090,1,8,2.40000,33,2216
2.00,34.06942,2.58444,12,12,12.00000,42,2155
2.00,3.13891,0.33863,1,6,2.40000,26,2353
2.00,9.14588,1.01501,1,9,4.00000,79,2157
2.00,19.63892,2.11190,4,8,6.00000,18,2555
2.00,9.75692,0.92335,1,9,3.00000,77,2677
2.00,9.80558,1.05576,1,11,6.00000,50,2438
2.00,11.02779,1.28657,1,6,3.00000,530,2227
2.00,17.83333,1.40312,1,10,4.00000,34,2540
2.00,24.49308,2.09153,4,8,6.00000,74,3666
2.00,5.15971,0.57779,1,5,2.40000,30,2244
2.00,10.25694,0.86158,1,7,3.00000,20,2035
2.00,5.47222,0.48791,1,7,2.40000,16,2476
2.00,7.28472,0.90393,1,7,2.40000,24,2301
2.00,5.45835,0.57040,1,6,2.00000,45,2087
2.00,6.66667,0.79703,1,6,4.00000,21,2418
2.00,3.43058,0.30538,1,8,2.40000,18,2204
2.00,23.11108,1.69358,12,12,12.00000,46,2426
2.00,14.72917,1.53619,1,7,4.00000,21,2383
2.00,10.23608,0.79591,1,9,3.00000,35,2100
2.00,22.54860,2.18857,1,7,3.00000,19,1988
2.00,6.69446,0.79207,1,6,3.00000,21,2096
2.00,5.62502,0.53770,1,8,4.00000,22,2412
2.00,7.43750,0.64224,1,7,4.00000,17,2084
2.00,9.75696,1.34567,1,9,3.00000,79,2290
2.00,12.89583,1.20578,1,10,4.00000,142,2669
2.00,8.00001,0.71824,1,6,2.00000,35,2445
2.00,20.61808,1.86712,1,11,6.00000,141,2091
2.00,14.65975,1.70992,1,11,6.00000,22,2773
2.00,6.95833,0.66377,1,7,4.00000,70,2066
2.00,8.88892,0.86649,1,11,6.00000,65,2433
2.00,12.33333,1.51912,1,10,4.00000,26,2551
2.00,14.02776,0.99181,1,9,3.00000,38,2562
2.00,10.53474,0.91345,1,11,6.00000,73,1806
2.00,13.21529,1.49069,1,6,3.00000,96,2884
2.00,1.97916,0.18990,1,4,2.00000,23,2329
2.00,12.85417,1.35700,1,10,4.00000,38,3078
2.00,25.97921,2.10347,1,7,4.50000,35,2447
2.00,6.84029,0.90405,1,9,3.00000,19,2057
