3.00,3.34601,16.00123,12,12,12.00000,25,7010
3.00,2.48767,11.28622,12,12,12.00000,24,8121
3.00,2.09722,9.31344,1,11,6.00000,34,8380
3.00,1.91840,11.56173,12,12,12.00000,37,6980
3.00,2.41215,11.64529,12,12,12.00000,28,6763
3.00,1.49496,7.13799,12,12,12.00000,28,6869
3.00,2.18559,11.63804,12,12,12.00000,62,6319
3.00,2.17413,8.65236,12,12,12.00000,26,6976
3.00,3.86580,14.31998,12,12,12.00000,24,6486
3.00,1.33455,7.86159,12,12,12.00000,29,7798
3.00,2.22101,11.23080,12,12,12.00000,28,7790
3.00,2.10694,9.75930,12,12,12.00000,27,6702
3.00,3.42986,13.88081,12,12,12.00000,28,5659
3.00,2.04236,9.13339,12,12,12.00000,37,7889
3.00,2.52309,11.81630,12,12,12.00000,46,6679
3.00,1.81319,8.51180,12,12,12.00000,31,6922
3.00,1.96423,8.77359,12,12,12.00000,32,6277
3.00,4.47048,15.86244,12,12,12.00000,35,8362
3.00,3.90173,15.13461,12,12,12.00000,29,6283
3.00,1.90538,9.30494,12,12,12.00000,51,8719
3.00,2.32830,14.73024,12,12,12.00000,64,7618
3.00,2.83611,10.26222,12,12,12.00000,48,6728
3.00,1.51319,6.11185,12,12,12.00000,38,7067
3.00,1.76163,8.44486,12,12,12.00000,25,6689
3.00,2.32205,10.51693,12,12,12.00000,26,6932
3.00,1.88455,11.53070,12,12,12.00000,28,6488
3.00,2.51059,10.81253,12,12,12.00000,26,8029
3.00,2.44705,11.40843,12,12,12.00000,28,7205
3.00,1.58455,9.05671,12,12,12.00000,26,8269
3.00,1.88768,10.79283,12,12,12.00000,25,6088
3.00,1.76476,10.26675,12,12,12.00000,39,8161
3.00,2.28559,10.53722,7,12,9.33333,30,6144
3.00,2.83195,9.70953,12,12,12.00000,27,7765
3.00,2.43038,11.55661,12,12,12.00000,52,7864
3.00,1.91840,9.95199,12,12,12.00000,27,7666
3.00,2.11337,9.23898,1,11,6.00000,27,6275
3.00,3.02569,13.35725,12,12,12.00000,28,7429
3.00,1.39132,8.67738,12,12,12.00000,27,9257
3.00,2.39965,10.48120,12,12,12.00000,23,7492
3.00,2.31736,12.16362,12,12,12.00000,37,6170
3.00,2.67882,11.02679,12,12,12.00000,81,8616
3.00,2.05400,10.04885,1,11,6.00000,28,6434
3.00,2.55903,9.65006,12,12,12.00000,45,8211
3.00,1.09340,7.34752,12,12,12.00000,32,6652
3.00,1.18837,5.17912,1,11,6.00000,30,6501
3.00,3.25070,15.33536,12,12,12.00000,37,7664
3.00,2.47205,12.92892,12,12,12.00000,28,6974
