3.00,11.48610,0.82685,1,7,3.00000,23,7424
3.00,16.12498,1.58939,1,9,4.00000,29,7970
3.00,5.86108,0.61937,1,9,3.00000,117,7821
3.00,10.09722,1.07014,2,4,2.40000,25,8450
3.00,9.84723,0.98210,1,6,2.40000,24,7329
3.00,8.73612,0.69994,1,5,3.00000,31,6197
3.00,12.24998,1.18310,3,5,4.00000,35,7310
3.00,18.72223,1.61578,1,6,2.40000,29,7586
3.00,6.97222,0.71831,1,4,2.40000,29,8863
3.00,7.61110,0.76550,1,6,3.00000,29,6648
3.00,9.19444,0.71965,1,3,1.71429,31,7244
3.00,11.25000,0.88952,1,6,4.00000,29,7215
3.00,10.97223,0.98010,1,6,2.40000,26,8292
3.00,6.86112,0.70192,1,6,3.00000,32,6541
3.00,4.33333,0.37543,1,4,2.00000,30,6829
3.00,8.45832,0.84816,1,5,2.00000,34,6630
3.00,10.22222,1.04393,1,7,2.40000,47,6657
3.00,10.84722,1.31951,1,4,2.40000,31,8880
3.00,12.62500,1.71375,3,5,4.00000,28,7193
3.00,31.99998,2.23158,1,6,4.00000,31,7623
3.00,10.48611,1.05605,1,7,3.00000,63,7387
3.00,17.33332,1.50327,1,3,2.00000,41,7515
3.00,13.37501,1.15680,2,6,4.00000,25,7106
3.00,15.59723,1.36270,1,4,2.40000,26,6890
3.00,12.48608,1.38737,1,9,3.00000,30,6255
3.00,12.72227,1.11407,1,6,2.40000,29,8349
3.00,27.22223,1.76412,1,5,2.40000,26,6832
