3.00,-Infinity,Infinity,12,12,12.00000,31,7104
2.00,-Infinity,Infinity,12,12,12.00000,101,2129
2.00,5.43846,18.40864,12,12,12.00000,70,2492
2.00,3.64549,15.34437,12,12,12.00000,22,2208
1.00,1.83220,7.87040,12,12,12.00000,16,75
3.00,3.97439,18.57463,12,12,12.00000,27,7316
1.00,-Infinity,Infinity,12,12,12.00000,6,84
3.00,6.51736,22.90309,12,12,12.00000,47,7137
2.00,4.47205,17.06583,12,12,12.00000,19,2406
2.00,3.42126,15.61052,12,12,12.00000,37,2469
1.00,5.87752,24.85701,12,12,12.00000,34,160
3.00,4.69471,17.62442,12,12,12.00000,27,7927
3.00,5.55486,20.68428,12,12,12.00000,30,5803
2.00,3.62517,13.70293,12,12,12.00000,37,2450
2.00,5.18298,21.06904,12,12,12.00000,34,2504
3.00,7.58924,22.92227,12,12,12.00000,28,7868
3.00,4.66110,15.80789,12,12,12.00000,27,7635
2.00,3.77674,15.50923,12,12,12.00000,22,2563
3.00,5.25955,22.15421,12,12,12.00000,27,6513
3.00,4.01424,21.36031,12,12,12.00000,31,7123
3.00,3.36502,17.05830,12,12,12.00000,38,7385
1.00,2.74315,10.93500,12,12,12.00000,57,99
1.00,3.46892,13.13326,12,12,12.00000,7,86
3.00,5.07283,20.55402,12,12,12.00000,25,8080
2.00,4.26971,18.43059,12,12,12.00000,20,2766
3.00,4.11346,17.10210,12,12,12.00000,26,6853
3.00,3.13611,13.28597,12,12,12.00000,143,7897
2.00,4.89002,16.55922,12,12,12.00000,22,2114
3.00,3.63768,14.90087,12,12,12.00000,26,7027
2.00,3.64158,15.12549,12,12,12.00000,80,2203
2.00,4.82596,17.02888,12,12,12.00000,142,2566
1.00,8.13845,23.31831,12,12,12.00000,61,111
2.00,3.57283,16.62385,12,12,12.00000,20,2474
2.00,6.09783,25.04242,12,12,12.00000,24,2933
1.00,5.63611,22.95988,12,12,12.00000,7,80
3.00,3.36971,15.61857,12,12,12.00000,37,7833
3.00,3.50017,16.37209,12,12,12.00000,29,8153
2.00,-Infinity,Infinity,12,12,12.00000,43,1974
1.00,5.06658,17.99002,12,12,12.00000,7,103
3.00,-Infinity,Infinity,12,12,12.00000,39,6733
1.00,4.69627,16.85657,12,12,12.00000,14,81
3.00,4.11658,16.83941,12,12,12.00000,37,5895
1.00,6.13767,23.74701,12,12,12.00000,8,107
2.00,4.81892,16.01678,12,12,12.00000,33,2661
1.00,5.33846,16.53413,12,12,12.00000,20,98
2.00,3.24939,15.98408,12,12,12.00000,19,2535
3.00,4.00877,21.81829,12,12,12.00000,125,6526
2.00,6.32283,23.17315,12,12,12.00000,36,2004
3.00,4.99314,22.73161,12,12,12.00000,26,7063
1.00,4.64705,20.66719,12,12,12.00000,6,85
2.00,4.12048,23.34656,12,12,12.00000,21,2363
2.00,3.54939,16.18706,12,12,12.00000,47,1875
2.00,3.07986,12.70618,12,12,12.00000,24,2328
2.00,5.10642,18.90228,12,12,12.00000,18,1633
3.00,5.30876,19.47221,12,12,12.00000,26,8356
3.00,5.35564,19.13957,12,12,12.00000,26,6726
2.00,2.67283,11.61468,12,12,12.00000,67,2777
2.00,2.80174,16.72445,12,12,12.00000,20,2407
1.00,5.87830,19.14610,12,12,12.00000,7,96
2.00,4.12361,16.32204,12,12,12.00000,22,2112
3.00,3.19549,13.90807,12,12,12.00000,35,7685
3.00,2.98759,12.26502,4,8,6.00000,25,7036
2.00,4.28524,17.67452,1,11,6.00000,62,2234
1.00,3.64470,15.13847,12,12,12.00000,7,88
1.00,2.88455,11.58600,12,12,12.00000,6,67
2.00,-Infinity,Infinity,12,12,12.00000,20,2218
3.00,5.90564,23.40897,12,12,12.00000,29,8047
2.00,2.78221,12.16224,12,12,12.00000,25,2229
2.00,4.58533,16.66161,12,12,12.00000,20,2331
1.00,5.60642,17.88556,12,12,12.00000,39,79
3.00,-Infinity,Infinity,12,12,12.00000,38,6504
2.00,2.49627,10.73807,12,12,12.00000,18,2191
1.00,2.84783,12.36590,12,12,12.00000,7,118
3.00,6.19002,19.42444,12,12,12.00000,23,7103
3.00,4.24470,18.43832,12,12,12.00000,32,7689
3.00,3.52127,17.16775,12,12,12.00000,28,7427
1.00,4.62986,20.68272,12,12,12.00000,6,102
1.00,6.98924,22.16772,12,12,12.00000,6,88
1.00,4.07361,16.81301,12,12,12.00000,16,54
3.00,5.56736,21.08599,12,12,12.00000,37,7606
1.00,5.20798,19.39828,12,12,12.00000,7,101
1.00,6.12986,21.20428,12,12,12.00000,7,75
1.00,5.15486,15.93849,12,12,12.00000,6,61
3.00,4.85017,21.00211,12,12,12.00000,28,6938
1.00,4.47205,19.57535,12,12,12.00000,7,91
2.00,5.03220,18.79770,12,12,12.00000,130,2125
3.00,4.38220,19.98155,12,12,12.00000,29,6806
3.00,4.65486,15.88691,12,12,12.00000,60,6744
1.00,7.19158,18.96458,12,12,12.00000,7,73
1.00,6.34080,22.50069,12,12,12.00000,31,89
2.00,4.49705,16.46095,12,12,12.00000,93,2131
1.00,2.66658,12.74207,12,12,12.00000,6,71
1.00,5.93689,22.67476,12,12,12.00000,7,73
1.00,3.99314,15.86990,12,12,12.00000,36,65
2.00,3.78611,13.45053,12,12,12.00000,34,2573
3.00,4.70564,22.27853,12,12,12.00000,29,6838
1.00,4.49314,17.66997,12,12,12.00000,7,80
1.00,5.01267,14.30756,12,12,12.00000,8,121
3.00,4.51971,16.57707,12,12,12.00000,30,7045
1.00,3.80643,12.61809,12,12,12.00000,6,54
1.00,5.71892,25.15712,12,12,12.00000,74,87
1.00,3.14080,13.09604,12,12,12.00000,16,75
3.00,3.74158,18.02695,12,12,12.00000,39,4603
2.00,3.93220,16.09292,12,12,12.00000,289,1828
1.00,3.29861,15.56005,12,12,12.00000,6,87
3.00,5.53455,22.96567,12,12,12.00000,25,8147
3.00,4.39861,17.50146,12,12,12.00000,32,6634
3.00,4.26893,14.85652,12,12,12.00000,73,7401
1.00,4.83767,22.96051,12,12,12.00000,8,90
3.00,3.96502,16.64226,12,12,12.00000,35,7036
3.00,5.06806,16.97132,1,11,6.00000,42,5494
2.00,5.70408,20.14686,12,12,12.00000,31,2454
1.00,5.62595,20.95815,12,12,12.00000,10,116
1.00,3.86893,17.97671,12,12,12.00000,7,96
2.00,4.00252,18.79736,12,12,12.00000,100,2612
2.00,7.49861,21.18018,12,12,12.00000,21,2357
1.00,5.64940,18.02894,12,12,12.00000,7,82
1.00,6.14314,21.85806,12,12,12.00000,7,128
2.00,5.97830,20.28422,12,12,12.00000,31,2943
2.00,4.76033,19.19185,12,12,12.00000,19,2455
2.00,4.50017,20.53041,12,12,12.00000,71,2497
3.00,3.35017,19.85932,12,12,12.00000,26,6318
2.00,5.36033,21.13552,12,12,12.00000,24,2372
3.00,4.09705,16.58042,12,12,12.00000,28,7791
2.00,5.21580,20.82414,12,12,12.00000,21,3001
1.00,3.82830,16.19319,12,12,12.00000,27,66
1.00,3.06814,17.34257,12,12,12.00000,35,98
2.00,2.38533,9.79288,12,12,12.00000,21,2743
3.00,3.79158,17.04500,12,12,12.00000,26,6730
1.00,4.00486,14.29790,12,12,12.00000,49,91
3.00,3.80174,16.58394,12,12,12.00000,31,7110
2.00,-Infinity,Infinity,12,12,12.00000,40,2801
1.00,3.38689,15.03041,12,12,12.00000,19,78
1.00,8.51659,23.47885,12,12,12.00000,8,88
3.00,-Infinity,Infinity,12,12,12.00000,31,7783
1.00,9.14081,24.55040,12,12,12.00000,21,80
1.00,3.61815,15.19780,12,12,12.00000,20,95
3.00,5.26658,19.39028,12,12,12.00000,26,7147
3.00,4.92517,20.34473,12,12,12.00000,28,7505
1.00,5.30096,17.28411,12,12,12.00000,8,56
2.00,4.54002,20.64230,12,12,12.00000,31,1942
1.00,4.37830,18.72630,12,12,12.00000,24,80
3.00,-Infinity,Infinity,1,11,6.00000,57,7464
3.00,5.11189,16.04909,12,12,12.00000,36,8576
2.00,3.02361,14.70391,12,12,12.00000,53,2361
1.00,5.50643,20.39653,12,12,12.00000,16,89
2.00,7.15330,22.87682,12,12,12.00000,129,2607
2.00,-Infinity,Infinity,12,12,12.00000,34,2465
2.00,3.77048,13.49613,12,12,12.00000,23,2474
2.00,-Infinity,Infinity,12,12,12.00000,164,2194
