2.00,5.43846,18.40864,12,12,12.00000,70,2492
2.00,3.64549,15.34437,12,12,12.00000,22,2208
2.00,4.47205,17.06583,12,12,12.00000,19,2406
2.00,3.42126,15.61052,12,12,12.00000,37,2469
2.00,3.62517,13.70293,12,12,12.00000,37,2450
2.00,5.18298,21.06904,12,12,12.00000,34,2504
2.00,3.77674,15.50923,12,12,12.00000,22,2563
2.00,4.26971,18.43059,12,12,12.00000,20,2766
2.00,4.89002,16.55922,12,12,12.00000,22,2114
2.00,3.64158,15.12549,12,12,12.00000,80,2203
2.00,4.82596,17.02888,12,12,12.00000,142,2566
2.00,3.57283,16.62385,12,12,12.00000,20,2474
2.00,6.09783,25.04242,12,12,12.00000,24,2933
2.00,4.81892,16.01678,12,12,12.00000,33,2661
2.00,3.24939,15.98408,12,12,12.00000,19,2535
2.00,6.32283,23.17315,12,12,12.00000,36,2004
2.00,4.12048,23.34656,12,12,12.00000,21,2363
2.00,3.54939,16.18706,12,12,12.00000,47,1875
2.00,3.07986,12.70618,12,12,12.00000,24,2328
2.00,5.10642,18.90228,12,12,12.00000,18,1633
2.00,2.67283,11.61468,12,12,12.00000,67,2777
2.00,2.80174,16.72445,12,12,12.00000,20,2407
2.00,4.12361,16.32204,12,12,12.00000,22,2112
2.00,4.28524,17.67452,1,11,6.00000,62,2234
2.00,2.78221,12.16224,12,12,12.00000,25,2229
2.00,4.58533,16.66161,12,12,12.00000,20,2331
2.00,2.49627,10.73807,12,12,12.00000,18,2191
2.00,5.03220,18.79770,12,12,12.00000,130,2125
2.00,4.49705,16.46095,12,12,12.00000,93,2131
2.00,3.78611,13.45053,12,12,12.00000,34,2573
2.00,3.93220,16.09292,12,12,12.00000,289,1828
2.00,5.70408,20.14686,12,12,12.00000,31,2454
2.00,4.00252,18.79736,12,12,12.00000,100,2612
2.00,7.49861,21.18018,12,12,12.00000,21,2357
2.00,5.97830,20.28422,12,12,12.00000,31,2943
2.00,4.76033,19.19185,12,12,12.00000,19,2455
2.00,4.50017,20.53041,12,12,12.00000,71,2497
2.00,5.36033,21.13552,12,12,12.00000,24,2372
2.00,5.21580,20.82414,12,12,12.00000,21,3001
2.00,2.38533,9.79288,12,12,12.00000,21,2743
2.00,4.54002,20.64230,12,12,12.00000,31,1942
2.00,3.02361,14.70391,12,12,12.00000,53,2361
2.00,7.15330,22.87682,12,12,12.00000,129,2607
2.00,3.77048,13.49613,12,12,12.00000,23,2474
