1.00,1.83220,7.87040,12,12,12.00000,16,75
1.00,5.87752,24.85701,12,12,12.00000,34,160
1.00,2.74315,10.93500,12,12,12.00000,57,99
1.00,3.46892,13.13326,12,12,12.00000,7,86
1.00,8.13845,23.31831,12,12,12.00000,61,111
1.00,5.63611,22.95988,12,12,12.00000,7,80
1.00,5.06658,17.99002,12,12,12.00000,7,103
1.00,4.69627,16.85657,12,12,12.00000,14,81
1.00,6.13767,23.74701,12,12,12.00000,8,107
1.00,5.33846,16.53413,12,12,12.00000,20,98
1.00,4.64705,20.66719,12,12,12.00000,6,85
1.00,5.87830,19.14610,12,12,12.00000,7,96
1.00,3.64470,15.13847,12,12,12.00000,7,88
1.00,2.88455,11.58600,12,12,12.00000,6,67
1.00,5.60642,17.88556,12,12,12.00000,39,79
1.00,2.84783,12.36590,12,12,12.00000,7,118
1.00,4.62986,20.68272,12,12,12.00000,6,102
1.00,6.98924,22.16772,12,12,12.00000,6,88
1.00,4.07361,16.81301,12,12,12.00000,16,54
1.00,5.20798,19.39828,12,12,12.00000,7,101
1.00,6.12986,21.20428,12,12,12.00000,7,75
1.00,5.15486,15.93849,12,12,12.00000,6,61
1.00,4.47205,19.57535,12,12,12.00000,7,91
1.00,7.19158,18.96458,12,12,12.00000,7,73
1.00,6.34080,22.50069,12,12,12.00000,31,89
1.00,2.66658,12.74207,12,12,12.00000,6,71
1.00,5.93689,22.67476,12,12,12.00000,7,73
1.00,3.99314,15.86990,12,12,12.00000,36,65
1.00,4.49314,17.66997,12,12,12.00000,7,80
1.00,5.01267,14.30756,12,12,12.00000,8,121
1.00,3.80643,12.61809,12,12,12.00000,6,54
1.00,5.71892,25.15712,12,12,12.00000,74,87
1.00,3.14080,13.09604,12,12,12.00000,16,75
1.00,3.29861,15.56005,12,12,12.00000,6,87
1.00,4.83767,22.96051,12,12,12.00000,8,90
1.00,5.62595,20.95815,12,12,12.00000,10,116
1.00,3.86893,17.97671,12,12,12.00000,7,96
1.00,5.64940,18.02894,12,12,12.00000,7,82
1.00,6.14314,21.85806,12,12,12.00000,7,128
1.00,3.82830,16.19319,12,12,12.00000,27,66
1.00,3.06814,17.34257,12,12,12.00000,35,98
1.00,4.00486,14.29790,12,12,12.00000,49,91
1.00,3.38689,15.03041,12,12,12.00000,19,78
1.00,8.51659,23.47885,12,12,12.00000,8,88
1.00,9.14081,24.55040,12,12,12.00000,21,80
1.00,3.61815,15.19780,12,12,12.00000,20,95
1.00,5.30096,17.28411,12,12,12.00000,8,56
1.00,4.37830,18.72630,12,12,12.00000,24,80
1.00,5.50643,20.39653,12,12,12.00000,16,89
