2.00,2.44132,9.55155,12,12,12.00000,23,1767
1.00,2.09392,11.18747,12,12,12.00000,7,74
3.00,3.34601,16.00123,12,12,12.00000,25,7010
1.00,1.82986,9.11915,12,12,12.00000,6,54
1.00,3.32674,11.41839,12,12,12.00000,7,62
1.00,1.76077,8.28535,1,11,6.00000,6,87
2.00,2.07049,9.69405,12,12,12.00000,37,2468
3.00,2.48767,11.28622,12,12,12.00000,24,8121
1.00,2.66736,11.46405,12,12,12.00000,12,114
2.00,1.44097,8.26536,1,11,6.00000,49,1455
3.00,2.09722,9.31344,1,11,6.00000,34,8380
3.00,1.91840,11.56173,12,12,12.00000,37,6980
1.00,2.44392,10.70844,12,12,12.00000,7,74
2.00,-Infinity,Infinity,12,12,12.00000,56,2802
1.00,1.80902,9.55076,12,12,12.00000,25,89
3.00,2.41215,11.64529,12,12,12.00000,28,6763
3.00,1.49496,7.13799,12,12,12.00000,28,6869
3.00,2.18559,11.63804,12,12,12.00000,62,6319
3.00,2.17413,8.65236,12,12,12.00000,26,6976
3.00,3.86580,14.31998,12,12,12.00000,24,6486
3.00,1.33455,7.86159,12,12,12.00000,29,7798
1.00,1.11267,6.04560,12,12,12.00000,6,68
2.00,1.69705,9.36464,12,12,12.00000,26,2682
2.00,3.81111,13.99937,12,12,12.00000,21,2316
1.00,2.20486,8.84876,12,12,12.00000,10,104
2.00,2.28298,10.11989,12,12,12.00000,22,2251
3.00,2.22101,11.23080,12,12,12.00000,28,7790
3.00,2.10694,9.75930,12,12,12.00000,27,6702
3.00,3.42986,13.88081,12,12,12.00000,28,5659
2.00,1.45954,8.74770,12,12,12.00000,52,2448
1.00,1.90955,9.38281,12,12,12.00000,9,184
2.00,-Infinity,Infinity,12,12,12.00000,23,2092
3.00,2.04236,9.13339,12,12,12.00000,37,7889
2.00,2.87153,12.83244,12,12,12.00000,99,2114
2.00,2.61163,11.86348,12,12,12.00000,30,2473
2.00,1.83559,10.21040,12,12,12.00000,42,3080
1.00,1.92570,10.72034,12,12,12.00000,45,93
3.00,2.52309,11.81630,12,12,12.00000,46,6679
2.00,1.69236,9.61313,12,12,12.00000,19,2495
1.00,1.65590,8.22381,12,12,12.00000,6,62
2.00,1.71111,9.65850,12,12,12.00000,64,2064
1.00,1.40642,8.67521,12,12,12.00000,40,92
1.00,2.20226,9.47929,12,12,12.00000,7,83
1.00,2.13559,9.17136,12,12,12.00000,22,76
2.00,1.61997,8.39406,12,12,12.00000,25,2061
2.00,2.01996,10.71363,12,12,12.00000,22,3555
3.00,1.81319,8.51180,12,12,12.00000,31,6922
1.00,1.86788,9.33796,12,12,12.00000,7,92
2.00,2.72048,12.30552,12,12,12.00000,50,2060
2.00,2.96060,10.83578,12,12,12.00000,33,2358
2.00,2.46996,11.39216,12,12,12.00000,19,2095
2.00,2.61267,12.30308,12,12,12.00000,55,2180
3.00,1.96423,8.77359,12,12,12.00000,32,6277
2.00,3.84132,14.76661,12,12,12.00000,44,2194
2.00,2.67569,10.24719,12,12,12.00000,44,2772
1.00,2.11163,8.20483,12,12,12.00000,6,74
1.00,1.34236,5.62124,12,12,12.00000,6,87
3.00,4.47048,15.86244,12,12,12.00000,35,8362
1.00,2.76528,12.64638,12,12,12.00000,86,105
1.00,2.34705,9.96735,12,12,12.00000,6,79
3.00,3.90173,15.13461,12,12,12.00000,29,6283
2.00,1.90538,8.81291,12,12,12.00000,33,2576
2.00,2.70330,11.37582,12,12,12.00000,17,2503
3.00,-Infinity,Infinity,12,12,12.00000,98,8556
2.00,-Infinity,Infinity,12,12,12.00000,31,2371
3.00,1.90538,9.30494,12,12,12.00000,51,8719
3.00,2.32830,14.73024,12,12,12.00000,64,7618
3.00,2.83611,10.26222,12,12,12.00000,48,6728
3.00,1.51319,6.11185,12,12,12.00000,38,7067
1.00,2.00590,9.57375,12,12,12.00000,6,86
3.00,1.76163,8.44486,12,12,12.00000,25,6689
1.00,1.71580,11.16081,12,12,12.00000,35,170
2.00,2.66892,13.83010,12,12,12.00000,23,2401
1.00,2.25174,8.59818,12,12,12.00000,23,102
1.00,2.28924,11.21345,12,12,12.00000,6,55
2.00,1.90278,13.71990,12,12,12.00000,38,2629
2.00,2.20278,11.83494,12,12,12.00000,23,1860
1.00,1.57517,8.60602,12,12,12.00000,7,83
3.00,2.32205,10.51693,12,12,12.00000,26,6932
2.00,1.65538,9.28796,12,12,12.00000,22,2624
2.00,1.70903,8.37972,12,12,12.00000,23,2427
1.00,2.78351,11.41319,12,12,12.00000,32,84
1.00,1.85851,9.53003,12,12,12.00000,34,92
3.00,-Infinity,Infinity,12,12,12.00000,46,6903
3.00,1.88455,11.53070,12,12,12.00000,28,6488
3.00,2.51059,10.81253,12,12,12.00000,26,8029
3.00,2.44705,11.40843,12,12,12.00000,28,7205
3.00,1.58455,9.05671,12,12,12.00000,26,8269
2.00,2.05330,9.40241,12,12,12.00000,36,2185
1.00,1.52587,8.39519,1,11,6.00000,10,96
2.00,-Infinity,Infinity,12,12,12.00000,33,1855
3.00,1.88768,10.79283,12,12,12.00000,25,6088
3.00,1.76476,10.26675,12,12,12.00000,39,8161
1.00,2.96371,12.73318,12,12,12.00000,6,76
2.00,1.80504,10.39495,1,11,6.00000,19,2526
1.00,1.99705,9.34701,12,12,12.00000,7,100
2.00,2.23976,11.80631,12,12,12.00000,20,1994
3.00,2.28559,10.53722,7,12,9.33333,30,6144
2.00,1.49861,8.16173,12,12,12.00000,33,1866
2.00,1.58351,7.33726,12,12,12.00000,35,2395
1.00,1.96163,8.50572,12,12,12.00000,6,85
3.00,2.83195,9.70953,12,12,12.00000,27,7765
3.00,-Infinity,Infinity,5,7,6.00000,172,6292
2.00,1.93298,9.40434,12,12,12.00000,41,2528
1.00,2.27569,11.46535,12,12,12.00000,7,106
3.00,2.43038,11.55661,12,12,12.00000,52,7864
3.00,1.91840,9.95199,12,12,12.00000,27,7666
2.00,2.53507,12.13164,12,12,12.00000,23,1766
2.00,1.83924,8.82128,12,12,12.00000,34,2248
2.00,1.85903,7.75185,12,12,12.00000,96,2522
1.00,1.71962,8.20188,1,11,6.00000,26,74
3.00,2.11337,9.23898,1,11,6.00000,27,6275
3.00,3.02569,13.35725,12,12,12.00000,28,7429
3.00,1.39132,8.67738,12,12,12.00000,27,9257
3.00,2.39965,10.48120,12,12,12.00000,23,7492
2.00,1.23975,6.07676,12,12,12.00000,22,2050
1.00,2.67830,12.57047,12,12,12.00000,6,78
1.00,3.46007,12.52466,12,12,12.00000,6,65
2.00,2.69757,12.74349,12,12,12.00000,41,2645
2.00,2.60538,11.36635,12,12,12.00000,30,2316
1.00,2.07986,9.55868,12,12,12.00000,6,64
2.00,2.45017,10.71651,12,12,12.00000,21,2126
1.00,1.77570,10.53500,12,12,12.00000,6,74
2.00,1.89132,8.01991,12,12,12.00000,30,2233
2.00,3.03090,9.61015,12,12,12.00000,61,2103
3.00,2.31736,12.16362,12,12,12.00000,37,6170
3.00,2.67882,11.02679,12,12,12.00000,81,8616
2.00,1.58038,8.75305,12,12,12.00000,25,2335
3.00,2.05400,10.04885,1,11,6.00000,28,6434
1.00,1.34861,7.25364,12,12,12.00000,7,105
1.00,1.76892,8.34439,12,12,12.00000,36,85
3.00,2.55903,9.65006,12,12,12.00000,45,8211
1.00,1.93507,8.45104,12,12,12.00000,25,60
1.00,1.57986,7.59965,12,12,12.00000,11,102
1.00,2.83820,10.54378,12,12,12.00000,7,98
3.00,1.09340,7.34752,12,12,12.00000,32,6652
3.00,1.18837,5.17912,1,11,6.00000,30,6501
3.00,3.25070,15.33536,12,12,12.00000,37,7664
1.00,2.52153,14.00808,12,12,12.00000,6,86
3.00,2.47205,12.92892,12,12,12.00000,28,6974
1.00,1.88090,9.06277,12,12,12.00000,10,88
1.00,2.69757,10.17931,12,12,12.00000,19,132
1.00,2.14757,9.09486,12,12,12.00000,6,91
1.00,1.64809,8.71596,12,12,12.00000,23,76
2.00,2.03819,10.33878,12,12,12.00000,24,2499
2.00,2.16163,10.40498,12,12,12.00000,50,2196
1.00,1.84809,11.39845,12,12,12.00000,6,95
1.00,1.17517,7.40340,12,12,12.00000,6,92
2.00,2.43142,13.55025,12,12,12.00000,19,2901
