1.00,17.12500,1.62566,1,10,4.00000,32,100
2.00,22.75000,2.27159,1,10,4.00000,36,1920
2.00,-Infinity,Infinity,1,10,4.00000,43,2298
2.00,8.34721,0.95922,1,5,2.40000,56,2181
1.00,10.00000,0.94434,1,10,4.00000,41,75
1.00,9.13892,0.92270,1,11,6.00000,45,54
3.00,-Infinity,Infinity,1,8,3.00000,44,7340
3.00,11.48610,0.82685,1,7,3.00000,23,7424
2.00,12.11113,0.98125,1,8,3.00000,17,1648
2.00,9.09722,0.89801,1,7,2.40000,37,1879
2.00,9.72221,1.02894,1,5,2.40000,65,2433
1.00,8.88888,0.84823,4,8,6.00000,6,89
1.00,10.47223,0.92148,1,4,2.40000,6,80
2.00,-Infinity,Infinity,1,5,1.50000,37,2467
1.00,15.50004,1.20476,1,8,4.00000,7,107
1.00,23.12498,2.35509,1,9,4.00000,48,91
2.00,-Infinity,Infinity,5,7,6.00000,172,2172
2.00,12.61111,1.15299,1,7,3.00000,22,2898
2.00,5.86112,0.49402,1,5,3.00000,31,2839
3.00,-Infinity,Infinity,1,8,3.00000,172,7314
1.00,10.87500,1.18003,1,10,4.00000,7,83
2.00,-Infinity,Infinity,2,10,6.00000,52,2161
2.00,8.72221,0.67924,1,6,2.40000,39,2025
2.00,29.74997,2.64234,1,9,4.00000,32,2370
2.00,32.09725,2.65116,1,8,2.40000,19,2412
3.00,16.12498,1.58939,1,9,4.00000,29,7970
1.00,10.63892,1.10695,1,11,6.00000,6,75
3.00,5.86108,0.61937,1,9,3.00000,117,7821
1.00,10.61110,0.92052,1,8,3.00000,41,85
3.00,-Infinity,Infinity,1,10,4.00000,40,6913
1.00,11.50002,1.15757,1,6,4.00000,7,88
3.00,-Infinity,Infinity,1,5,2.00000,41,7691
3.00,10.09722,1.07014,2,4,2.40000,25,8450
1.00,-Infinity,Infinity,1,6,3.00000,37,83
2.00,14.87502,1.47384,1,8,4.00000,213,2958
1.00,3.37500,0.33366,1,10,4.00000,28,85
2.00,11.34717,1.26466,1,8,2.40000,19,2640
3.00,9.84723,0.98210,1,6,2.40000,24,7329
3.00,8.73612,0.69994,1,5,3.00000,31,6197
1.00,10.13892,1.21397,1,11,6.00000,6,94
3.00,-Infinity,Infinity,1,6,3.00000,52,7299
2.00,-Infinity,Infinity,2,7,4.00000,20,2608
3.00,-Infinity,Infinity,1,8,2.40000,27,7016
2.00,13.58333,1.15710,1,4,2.00000,47,2287
3.00,-Infinity,Infinity,3,5,4.00000,65,7966
3.00,-Infinity,Infinity,1,6,2.40000,73,7500
3.00,-Infinity,Infinity,1,6,2.40000,50,6554
2.00,11.48612,1.20724,1,6,3.00000,58,2232
3.00,12.24998,1.18310,3,5,4.00000,35,7310
1.00,8.62500,1.13981,1,10,4.00000,7,80
1.00,5.84725,0.43523,1,8,2.40000,50,133
3.00,18.72223,1.61578,1,6,2.40000,29,7586
1.00,9.86110,1.19532,1,7,3.00000,6,69
3.00,-Infinity,Infinity,1,6,4.00000,246,7595
2.00,-Infinity,Infinity,1,8,2.40000,29,2678
1.00,-Infinity,Infinity,1,7,3.00000,18,102
3.00,6.97222,0.71831,1,4,2.40000,29,8863
2.00,-Infinity,Infinity,1,10,4.00000,60,1945
2.00,-Infinity,Infinity,1,6,3.00000,96,2763
2.00,13.25002,1.84841,1,9,4.00000,32,3159
2.00,-Infinity,Infinity,1,9,3.00000,41,2177
1.00,8.13888,1.02774,1,11,6.00000,6,83
3.00,7.61110,0.76550,1,6,3.00000,29,6648
2.00,6.72225,0.50585,1,8,2.40000,31,2277
3.00,-Infinity,Infinity,1,6,4.00000,89,6865
1.00,3.97222,0.38427,1,7,2.40000,6,98
3.00,-Infinity,Infinity,2,5,3.00000,33,7084
1.00,10.76392,1.08722,1,11,6.00000,41,85
2.00,-Infinity,Infinity,1,6,4.00000,87,2122
1.00,13.87500,1.32271,1,7,4.00000,6,79
3.00,-Infinity,Infinity,1,6,2.40000,43,5915
3.00,9.19444,0.71965,1,3,1.71429,31,7244
2.00,17.48612,1.86531,1,9,3.00000,26,2199
3.00,-Infinity,Infinity,3,5,4.00000,159,7017
2.00,-Infinity,Infinity,6,6,6.00000,89,3051
2.00,-Infinity,Infinity,1,8,3.00000,32,2421
2.00,7.72222,0.87952,1,5,2.40000,18,1802
2.00,11.25000,1.05333,1,10,4.00000,20,2043
1.00,8.62502,0.70568,1,8,4.00000,8,92
2.00,5.73612,0.55036,1,6,3.00000,17,2139
3.00,11.25000,0.88952,1,6,4.00000,29,7215
2.00,-Infinity,Infinity,1,9,4.00000,26,1856
1.00,13.01392,1.25534,1,11,6.00000,60,95
2.00,-Infinity,Infinity,1,6,3.00000,135,2068
2.00,-Infinity,Infinity,1,5,3.00000,34,2603
1.00,20.13892,1.66088,1,11,6.00000,7,54
2.00,16.50000,1.39947,1,10,4.00000,30,2442
1.00,14.50000,1.49790,1,7,4.00000,44,77
2.00,-Infinity,Infinity,1,6,3.00000,47,2482
1.00,16.37500,1.33567,1,10,4.00000,23,104
2.00,-Infinity,Infinity,2,7,4.00000,94,2639
2.00,5.50000,0.46214,1,10,4.00000,23,1963
1.00,10.76389,1.27995,2,10,6.00000,7,121
3.00,10.97223,0.98010,1,6,2.40000,26,8292
1.00,38.65275,3.39941,12,12,12.00000,38,84
3.00,6.86112,0.70192,1,6,3.00000,32,6541
3.00,4.33333,0.37543,1,4,2.00000,30,6829
3.00,-Infinity,Infinity,1,6,4.00000,58,7045
2.00,-Infinity,Infinity,2,7,4.00000,71,2788
1.00,19.37496,1.74435,1,6,4.00000,6,89
3.00,-Infinity,Infinity,1,8,2.40000,98,6733
3.00,8.45832,0.84816,1,5,2.00000,34,6630
2.00,12.47217,0.95831,1,5,2.40000,130,2039
2.00,-Infinity,Infinity,1,6,4.00000,19,2260
3.00,-Infinity,Infinity,1,6,3.00000,174,6648
1.00,5.25000,0.55235,1,10,4.00000,56,74
1.00,15.62498,1.85860,1,8,4.00000,6,87
2.00,9.11111,1.05623,1,6,3.00000,23,2250
1.00,31.38900,3.55029,1,11,6.00000,6,81
3.00,10.22222,1.04393,1,7,2.40000,47,6657
2.00,11.36112,1.03287,1,6,3.00000,20,3144
3.00,-Infinity,Infinity,1,4,2.00000,46,6565
3.00,10.84722,1.31951,1,4,2.40000,31,8880
1.00,9.01400,0.84097,1,11,6.00000,41,61
1.00,17.88892,1.72392,1,11,6.00000,6,79
3.00,-Infinity,Infinity,1,7,2.40000,89,6929
3.00,12.62500,1.71375,3,5,4.00000,28,7193
2.00,-Infinity,Infinity,1,5,3.00000,29,3153
1.00,15.62504,1.21967,1,8,4.00000,7,92
2.00,-Infinity,Infinity,1,5,2.00000,27,2517
2.00,7.98612,0.88330,1,6,3.00000,21,2260
1.00,12.52775,1.63775,12,12,12.00000,8,86
1.00,7.48608,0.57219,1,9,3.00000,6,100
3.00,31.99998,2.23158,1,6,4.00000,31,7623
1.00,9.47223,1.33466,1,6,2.40000,12,97
1.00,8.62498,0.98743,1,6,4.00000,7,115
1.00,6.88892,0.69411,1,11,6.00000,10,149
2.00,11.37499,1.56125,1,8,4.00000,89,2277
1.00,28.40275,2.20223,12,12,12.00000,59,63
3.00,-Infinity,Infinity,1,7,3.00000,33,6203
3.00,-Infinity,Infinity,1,6,3.00000,56,6480
1.00,10.51390,1.16495,3,9,6.00000,54,103
3.00,10.48611,1.05605,1,7,3.00000,63,7387
3.00,-Infinity,Infinity,1,6,4.00000,64,7047
1.00,7.33333,0.82637,1,5,2.00000,7,66
3.00,-Infinity,Infinity,1,6,3.00000,37,6758
1.00,37.65275,2.94815,12,12,12.00000,20,61
1.00,21.12500,1.82256,1,10,4.00000,13,119
3.00,17.33332,1.50327,1,3,2.00000,41,7515
3.00,13.37501,1.15680,2,6,4.00000,25,7106
1.00,12.51392,1.13834,6,6,6.00000,40,73
3.00,15.59723,1.36270,1,4,2.40000,26,6890
3.00,12.48608,1.38737,1,9,3.00000,30,6255
2.00,-Infinity,Infinity,1,6,4.00000,98,2357
1.00,12.01392,1.33349,1,11,6.00000,24,94
3.00,12.72227,1.11407,1,6,2.40000,29,8349
3.00,27.22223,1.76412,1,5,2.40000,26,6832
2.00,-Infinity,Infinity,1,6,4.00000,79,2275
