1.00,2.09392,11.18747,12,12,12.00000,7,74
1.00,1.82986,9.11915,12,12,12.00000,6,54
1.00,3.32674,11.41839,12,12,12.00000,7,62
1.00,1.76077,8.28535,1,11,6.00000,6,87
1.00,2.66736,11.46405,12,12,12.00000,12,114
1.00,2.44392,10.70844,12,12,12.00000,7,74
1.00,1.80902,9.55076,12,12,12.00000,25,89
1.00,1.11267,6.04560,12,12,12.00000,6,68
1.00,2.20486,8.84876,12,12,12.00000,10,104
1.00,1.90955,9.38281,12,12,12.00000,9,184
1.00,1.92570,10.72034,12,12,12.00000,45,93
1.00,1.65590,8.22381,12,12,12.00000,6,62
1.00,1.40642,8.67521,12,12,12.00000,40,92
1.00,2.20226,9.47929,12,12,12.00000,7,83
1.00,2.13559,9.17136,12,12,12.00000,22,76
1.00,1.86788,9.33796,12,12,12.00000,7,92
1.00,2.11163,8.20483,12,12,12.00000,6,74
1.00,1.34236,5.62124,12,12,12.00000,6,87
1.00,2.76528,12.64638,12,12,12.00000,86,105
1.00,2.34705,9.96735,12,12,12.00000,6,79
1.00,2.00590,9.57375,12,12,12.00000,6,86
1.00,1.71580,11.16081,12,12,12.00000,35,170
1.00,2.25174,8.59818,12,12,12.00000,23,102
1.00,2.28924,11.21345,12,12,12.00000,6,55
1.00,1.57517,8.60602,12,12,12.00000,7,83
1.00,2.78351,11.41319,12,12,12.00000,32,84
1.00,1.85851,9.53003,12,12,12.00000,34,92
1.00,1.52587,8.39519,1,11,6.00000,10,96
1.00,2.96371,12.73318,12,12,12.00000,6,76
1.00,1.99705,9.34701,12,12,12.00000,7,100
1.00,1.96163,8.50572,12,12,12.00000,6,85
1.00,2.27569,11.46535,12,12,12.00000,7,106
1.00,1.71962,8.20188,1,11,6.00000,26,74
1.00,2.67830,12.57047,12,12,12.00000,6,78
1.00,3.46007,12.52466,12,12,12.00000,6,65
1.00,2.07986,9.55868,12,12,12.00000,6,64
1.00,1.77570,10.53500,12,12,12.00000,6,74
1.00,1.34861,7.25364,12,12,12.00000,7,105
1.00,1.76892,8.34439,12,12,12.00000,36,85
1.00,1.93507,8.45104,12,12,12.00000,25,60
1.00,1.57986,7.59965,12,12,12.00000,11,102
1.00,2.83820,10.54378,12,12,12.00000,7,98
1.00,2.52153,14.00808,12,12,12.00000,6,86
1.00,1.88090,9.06277,12,12,12.00000,10,88
1.00,2.69757,10.17931,12,12,12.00000,19,132
1.00,2.14757,9.09486,12,12,12.00000,6,91
1.00,1.64809,8.71596,12,12,12.00000,23,76
1.00,1.84809,11.39845,12,12,12.00000,6,95
1.00,1.17517,7.40340,12,12,12.00000,6,92
