2.00,2.44132,9.55155,12,12,12.00000,23,1767
2.00,2.07049,9.69405,12,12,12.00000,37,2468
2.00,1.44097,8.26536,1,11,6.00000,49,1455
2.00,1.69705,9.36464,12,12,12.00000,26,2682
2.00,3.81111,13.99937,12,12,12.00000,21,2316
2.00,2.28298,10.11989,12,12,12.00000,22,2251
2.00,1.45954,8.74770,12,12,12.00000,52,2448
2.00,2.87153,12.83244,12,12,12.00000,99,2114
2.00,2.61163,11.86348,12,12,12.00000,30,2473
2.00,1.83559,10.21040,12,12,12.00000,42,3080
2.00,1.69236,9.61313,12,12,12.00000,19,2495
2.00,1.71111,9.65850,12,12,12.00000,64,2064
2.00,1.61997,8.39406,12,12,12.00000,25,2061
2.00,2.01996,10.71363,12,12,12.00000,22,3555
2.00,2.72048,12.30552,12,12,12.00000,50,2060
2.00,2.96060,10.83578,12,12,12.00000,33,2358
2.00,2.46996,11.39216,12,12,12.00000,19,2095
2.00,2.61267,12.30308,12,12,12.00000,55,2180
2.00,3.84132,14.76661,12,12,12.00000,44,2194
2.00,2.67569,10.24719,12,12,12.00000,44,2772
2.00,1.90538,8.81291,12,12,12.00000,33,2576
2.00,2.70330,11.37582,12,12,12.00000,17,2503
2.00,2.66892,13.83010,12,12,12.00000,23,2401
2.00,1.90278,13.71990,12,12,12.00000,38,2629
2.00,2.20278,11.83494,12,12,12.00000,23,1860
2.00,1.65538,9.28796,12,12,12.00000,22,2624
2.00,1.70903,8.37972,12,12,12.00000,23,2427
2.00,2.05330,9.40241,12,12,12.00000,36,2185
2.00,1.80504,10.39495,1,11,6.00000,19,2526
2.00,2.23976,11.80631,12,12,12.00000,20,1994
2.00,1.49861,8.16173,12,12,12.00000,33,1866
2.00,1.58351,7.33726,12,12,12.00000,35,2395
2.00,1.93298,9.40434,12,12,12.00000,41,2528
2.00,2.53507,12.13164,12,12,12.00000,23,1766
2.00,1.83924,8.82128,12,12,12.00000,34,2248
2.00,1.85903,7.75185,12,12,12.00000,96,2522
2.00,1.23975,6.07676,12,12,12.00000,22,2050
2.00,2.69757,12.74349,12,12,12.00000,41,2645
2.00,2.60538,11.36635,12,12,12.00000,30,2316
2.00,2.45017,10.71651,12,12,12.00000,21,2126
2.00,1.89132,8.01991,12,12,12.00000,30,2233
2.00,3.03090,9.61015,12,12,12.00000,61,2103
2.00,1.58038,8.75305,12,12,12.00000,25,2335
2.00,2.03819,10.33878,12,12,12.00000,24,2499
2.00,2.16163,10.40498,12,12,12.00000,50,2196
2.00,2.43142,13.55025,12,12,12.00000,19,2901
