2.00,22.75000,2.27159,1,10,4.00000,36,1920
2.00,8.34721,0.95922,1,5,2.40000,56,2181
2.00,12.11113,0.98125,1,8,3.00000,17,1648
2.00,9.09722,0.89801,1,7,2.40000,37,1879
2.00,9.72221,1.02894,1,5,2.40000,65,2433
2.00,12.61111,1.15299,1,7,3.00000,22,2898
2.00,5.86112,0.49402,1,5,3.00000,31,2839
2.00,8.72221,0.67924,1,6,2.40000,39,2025
2.00,29.74997,2.64234,1,9,4.00000,32,2370
2.00,32.09725,2.65116,1,8,2.40000,19,2412
2.00,14.87502,1.47384,1,8,4.00000,213,2958
2.00,11.34717,1.26466,1,8,2.40000,19,2640
2.00,13.58333,1.15710,1,4,2.00000,47,2287
2.00,11.48612,1.20724,1,6,3.00000,58,2232
2.00,13.25002,1.84841,1,9,4.00000,32,3159
2.00,6.72225,0.50585,1,8,2.40000,31,2277
2.00,17.48612,1.86531,1,9,3.00000,26,2199
2.00,7.72222,0.87952,1,5,2.40000,18,1802
2.00,11.25000,1.05333,1,10,4.00000,20,2043
2.00,5.73612,0.55036,1,6,3.00000,17,2139
2.00,16.50000,1.39947,1,10,4.00000,30,2442
2.00,5.50000,0.46214,1,10,4.00000,23,1963
2.00,12.47217,0.95831,1,5,2.40000,130,2039
2.00,9.11111,1.05623,1,6,3.00000,23,2250
2.00,11.36112,1.03287,1,6,3.00000,20,3144
2.00,7.98612,0.88330,1,6,3.00000,21,2260
2.00,11.37499,1.56125,1,8,4.00000,89,2277
