1.00,12.32635,1.25900,1,6,2.40000,19,87
1.00,8.06942,0.70447,12,12,12.00000,6,54
2.00,-Infinity,Infinity,1,6,4.00000,35,2399
1.00,14.52775,1.24519,1,9,3.00000,46,75
3.00,6.56946,0.54305,1,6,3.00000,24,7985
1.00,15.72225,1.31558,1,11,6.00000,27,74
2.00,15.34725,1.49453,1,11,6.00000,40,2479
1.00,15.53475,1.37895,4,8,6.00000,6,73
2.00,9.39583,0.98765,1,10,4.00000,32,3046
2.00,7.53471,0.73090,1,8,2.40000,33,2216
1.00,13.34725,1.41334,1,11,6.00000,7,84
3.00,4.70138,0.47627,1,5,2.40000,41,8017
1.00,7.22225,0.75158,1,11,6.00000,7,86
3.00,8.18750,0.81079,3,6,4.00000,29,7736
2.00,34.06942,2.58444,12,12,12.00000,42,2155
2.00,3.13891,0.33863,1,6,2.40000,26,2353
3.00,8.65279,0.83678,1,7,3.00000,29,7704
1.00,7.61112,0.89481,1,9,3.00000,6,85
3.00,-Infinity,Infinity,1,8,4.00000,102,8112
2.00,-Infinity,Infinity,1,7,3.00000,49,2171
1.00,9.72225,0.94842,1,11,6.00000,39,97
3.00,-Infinity,Infinity,1,5,2.40000,75,8733
1.00,33.56942,2.47726,12,12,12.00000,6,76
1.00,3.48608,0.37992,1,5,3.00000,7,67
1.00,10.72225,1.18658,1,11,6.00000,8,91
1.00,8.07642,0.77686,4,8,6.00000,7,80
2.00,9.14588,1.01501,1,9,4.00000,79,2157
1.00,10.88192,0.93757,12,12,12.00000,38,96
1.00,-Infinity,Infinity,2,10,6.00000,22,80
3.00,-Infinity,Infinity,1,7,4.00000,43,6668
2.00,19.63892,2.11190,4,8,6.00000,18,2555
2.00,9.75692,0.92335,1,9,3.00000,77,2677
2.00,9.80558,1.05576,1,11,6.00000,50,2438
1.00,6.54862,0.78678,1,9,3.00000,13,102
2.00,11.02779,1.28657,1,6,3.00000,530,2227
1.00,23.99999,1.79394,1,10,4.00000,38,84
1.00,11.28475,1.27930,1,11,6.00000,7,136
3.00,11.43753,0.95027,1,8,4.00000,46,6596
2.00,-Infinity,Infinity,1,6,4.00000,77,1990
2.00,17.83333,1.40312,1,10,4.00000,34,2540
3.00,-Infinity,Infinity,1,5,2.40000,145,7073
3.00,-Infinity,Infinity,1,11,6.00000,82,6382
2.00,24.49308,2.09153,4,8,6.00000,74,3666
1.00,2.22917,0.23383,1,7,2.00000,25,89
3.00,6.41665,0.67400,1,8,4.00000,26,6654
2.00,5.15971,0.57779,1,5,2.40000,30,2244
1.00,11.65971,1.42572,1,11,6.00000,6,71
1.00,7.36808,0.75414,1,11,6.00000,6,77
2.00,10.25694,0.86158,1,7,3.00000,20,2035
3.00,21.81948,1.47685,1,8,3.00000,33,7268
1.00,10.64583,1.10451,1,10,4.00000,14,117
3.00,10.25000,0.86410,1,10,4.00000,33,6876
3.00,-Infinity,Infinity,1,7,4.00000,43,6335
1.00,11.90275,1.23657,12,12,12.00000,7,82
2.00,5.47222,0.48791,1,7,2.40000,16,2476
1.00,10.56942,0.85935,12,12,12.00000,7,64
3.00,17.59027,1.83351,1,5,3.00000,27,6272
1.00,11.56250,1.42122,1,10,4.00000,7,115
2.00,7.28472,0.90393,1,7,2.40000,24,2301
2.00,5.45835,0.57040,1,6,2.00000,45,2087
3.00,10.71525,0.93308,1,9,3.00000,30,6392
1.00,3.02085,0.32810,1,6,2.00000,28,69
2.00,6.66667,0.79703,1,6,4.00000,21,2418
2.00,-Infinity,Infinity,1,7,4.00000,128,2166
1.00,4.56250,0.39964,1,6,4.00000,6,87
2.00,3.43058,0.30538,1,8,2.40000,18,2204
3.00,-Infinity,Infinity,1,10,4.00000,40,5924
2.00,23.11108,1.69358,12,12,12.00000,46,2426
2.00,14.72917,1.53619,1,7,4.00000,21,2383
3.00,-Infinity,Infinity,1,9,4.00000,29,7138
3.00,6.22917,1.08858,1,10,4.00000,33,7829
3.00,-Infinity,Infinity,4,8,6.00000,161,6597
3.00,48.38900,3.49348,1,11,6.00000,29,7937
1.00,5.39583,0.51262,1,10,4.00000,6,87
2.00,10.23608,0.79591,1,9,3.00000,35,2100
1.00,7.29167,0.64705,1,10,4.00000,6,87
3.00,-Infinity,Infinity,1,10,4.00000,41,8122
1.00,26.50692,2.50513,12,12,12.00000,71,86
1.00,17.65975,1.33531,1,11,6.00000,32,90
2.00,22.54860,2.18857,1,7,3.00000,19,1988
3.00,-Infinity,Infinity,1,5,3.00000,53,7759
1.00,8.90975,0.77014,1,11,6.00000,7,88
1.00,-Infinity,Infinity,12,12,12.00000,31,171
2.00,6.69446,0.79207,1,6,3.00000,21,2096
2.00,5.62502,0.53770,1,8,4.00000,22,2412
1.00,11.48608,1.18991,12,12,12.00000,7,69
3.00,24.18058,2.50079,4,8,6.00000,26,6056
2.00,7.43750,0.64224,1,7,4.00000,17,2084
1.00,7.13890,0.79764,1,6,2.40000,6,84
2.00,9.75696,1.34567,1,9,3.00000,79,2290
3.00,19.32638,1.71679,5,7,6.00000,29,6663
1.00,8.04865,0.65208,1,8,3.00000,6,76
3.00,11.89585,1.20201,1,8,4.00000,39,6155
2.00,12.89583,1.20578,1,10,4.00000,142,2669
3.00,9.12500,0.87918,1,7,4.00000,26,6985
1.00,6.95142,0.61081,1,11,6.00000,6,74
1.00,11.33333,1.05188,1,10,4.00000,6,87
2.00,-Infinity,Infinity,1,8,2.40000,52,2274
2.00,8.00001,0.71824,1,6,2.00000,35,2445
3.00,-Infinity,Infinity,1,6,3.00000,76,6992
1.00,12.36808,1.37566,1,11,6.00000,6,80
2.00,20.61808,1.86712,1,11,6.00000,141,2091
3.00,-Infinity,Infinity,1,11,6.00000,48,6410
2.00,14.65975,1.70992,1,11,6.00000,22,2773
1.00,5.20833,0.45788,1,10,4.00000,7,104
1.00,8.65279,0.94076,1,9,3.00000,8,117
1.00,16.19442,1.35226,12,12,12.00000,23,75
2.00,-Infinity,Infinity,1,8,4.00000,31,2373
2.00,-Infinity,Infinity,1,7,4.00000,26,2095
3.00,-Infinity,Infinity,1,10,4.00000,33,7123
1.00,7.93056,0.76652,1,6,2.40000,11,92
3.00,-Infinity,Infinity,1,6,4.00000,100,8579
1.00,10.33333,0.90394,1,7,4.00000,32,102
2.00,6.95833,0.66377,1,7,4.00000,70,2066
3.00,-Infinity,Infinity,1,11,6.00000,31,6178
3.00,-Infinity,Infinity,1,8,4.00000,42,7022
3.00,7.35415,0.80643,1,8,4.00000,25,7453
1.00,9.97225,1.06958,1,11,6.00000,6,107
1.00,5.94442,0.55987,1,9,3.00000,80,83
3.00,-Infinity,Infinity,3,6,4.00000,111,6128
1.00,21.69450,1.91877,12,12,12.00000,7,76
2.00,8.88892,0.86649,1,11,6.00000,65,2433
2.00,12.33333,1.51912,1,10,4.00000,26,2551
2.00,14.02776,0.99181,1,9,3.00000,38,2562
2.00,10.53474,0.91345,1,11,6.00000,73,1806
3.00,14.97917,0.98928,4,4,4.00000,28,8038
3.00,4.75695,0.48555,1,6,3.00000,27,7077
3.00,-Infinity,Infinity,1,4,2.40000,32,7089
1.00,30.83333,2.10177,1,10,4.00000,27,85
3.00,7.21529,0.75231,1,6,3.00000,24,6089
2.00,13.21529,1.49069,1,6,3.00000,96,2884
2.00,-Infinity,Infinity,1,10,4.00000,25,2217
3.00,-Infinity,Infinity,1,5,2.40000,41,6798
3.00,8.88196,1.04944,1,6,3.00000,29,7397
2.00,1.97916,0.18990,1,4,2.00000,23,2329
3.00,-Infinity,Infinity,1,6,4.00000,75,7916
3.00,15.57633,1.49437,1,11,6.00000,48,7302
2.00,-Infinity,Infinity,1,7,3.00000,48,1792
3.00,3.78470,0.35063,1,5,2.40000,27,8248
3.00,-Infinity,Infinity,4,8,6.00000,132,7148
2.00,12.85417,1.35700,1,10,4.00000,38,3078
3.00,6.74304,0.74648,1,5,2.40000,29,6946
3.00,7.90277,0.92541,1,5,3.00000,38,8380
2.00,25.97921,2.10347,1,7,4.50000,35,2447
3.00,-Infinity,Infinity,3,5,4.00000,189,6999
2.00,6.84029,0.90405,1,9,3.00000,19,2057
1.00,12.53475,1.24153,1,11,6.00000,15,87
3.00,12.65275,1.17869,12,12,12.00000,66,7059
3.00,-Infinity,Infinity,1,4,2.00000,39,6766
