3.00,6.56946,0.54305,1,6,3.00000,24,7985
3.00,4.70138,0.47627,1,5,2.40000,41,8017
3.00,8.18750,0.81079,3,6,4.00000,29,7736
3.00,8.65279,0.83678,1,7,3.00000,29,7704
3.00,11.43753,0.95027,1,8,4.00000,46,6596
3.00,6.41665,0.67400,1,8,4.00000,26,6654
3.00,21.81948,1.47685,1,8,3.00000,33,7268
3.00,10.25000,0.86410,1,10,4.00000,33,6876
3.00,17.59027,1.83351,1,5,3.00000,27,6272
3.00,10.71525,0.93308,1,9,3.00000,30,6392
3.00,6.22917,1.08858,1,10,4.00000,33,7829
3.00,48.38900,3.49348,1,11,6.00000,29,7937
3.00,24.18058,2.50079,4,8,6.00000,26,6056
3.00,19.32638,1.71679,5,7,6.00000,29,6663
3.00,11.89585,1.20201,1,8,4.00000,39,6155
3.00,9.12500,0.87918,1,7,4.00000,26,6985
3.00,7.35415,0.80643,1,8,4.00000,25,7453
3.00,14.97917,0.98928,4,4,4.00000,28,8038
3.00,4.75695,0.48555,1,6,3.00000,27,7077
3.00,7.21529,0.75231,1,6,3.00000,24,6089
3.00,8.88196,1.04944,1,6,3.00000,29,7397
3.00,15.57633,1.49437,1,11,6.00000,48,7302
3.00,3.78470,0.35063,1,5,2.40000,27,8248
3.00,6.74304,0.74648,1,5,2.40000,29,6946
3.00,7.90277,0.92541,1,5,3.00000,38,8380
3.00,12.65275,1.17869,12,12,12.00000,66,7059
