1.00,12.32635,1.25900,1,6,2.40000,19,87
1.00,8.06942,0.70447,12,12,12.00000,6,54
1.00,14.52775,1.24519,1,9,3.00000,46,75
1.00,15.72225,1.31558,1,11,6.00000,27,74
1.00,15.53475,1.37895,4,8,6.00000,6,73
1.00,13.34725,1.41334,1,11,6.00000,7,84
1.00,7.22225,0.75158,1,11,6.00000,7,86
1.00,7.61112,0.89481,1,9,3.00000,6,85
1.00,9.72225,0.94842,1,11,6.00000,39,97
1.00,33.56942,2.47726,12,12,12.00000,6,76
1.00,3.48608,0.37992,1,5,3.00000,7,67
1.00,10.72225,1.18658,1,11,6.00000,8,91
1.00,8.07642,0.77686,4,8,6.00000,7,80
1.00,10.88192,0.93757,12,12,12.00000,38,96
1.00,6.54862,0.78678,1,9,3.00000,13,102
1.00,23.99999,1.79394,1,10,4.00000,38,84
1.00,11.28475,1.27930,1,11,6.00000,7,136
1.00,2.22917,0.23383,1,7,2.00000,25,89
1.00,11.65971,1.42572,1,11,6.00000,6,71
1.00,7.36808,0.75414,1,11,6.00000,6,77
1.00,10.64583,1.10451,1,10,4.00000,14,117
1.00,11.90275,1.23657,12,12,12.00000,7,82
1.00,10.56942,0.85935,12,12,12.00000,7,64
1.00,11.56250,1.42122,1,10,4.00000,7,115
1.00,3.02085,0.32810,1,6,2.00000,28,69
1.00,4.56250,0.39964,1,6,4.00000,6,87
1.00,5.39583,0.51262,1,10,4.00000,6,87
1.00,7.29167,0.64705,1,10,4.00000,6,87
1.00,26.50692,2.50513,12,12,12.00000,71,86
1.00,17.65975,1.33531,1,11,6.00000,32,90
1.00,8.90975,0.77014,1,11,6.00000,7,88
1.00,11.48608,1.18991,12,12,12.00000,7,69
1.00,7.13890,0.79764,1,6,2.40000,6,84
1.00,8.04865,0.65208,1,8,3.00000,6,76
1.00,6.95142,0.61081,1,11,6.00000,6,74
1.00,11.33333,1.05188,1,10,4.00000,6,87
1.00,12.36808,1.37566,1,11,6.00000,6,80
1.00,5.20833,0.45788,1,10,4.00000,7,104
1.00,8.65279,0.94076,1,9,3.00000,8,117
1.00,16.19442,1.35226,12,12,12.00000,23,75
1.00,7.93056,0.76652,1,6,2.40000,11,92
1.00,10.33333,0.90394,1,7,4.00000,32,102
1.00,9.97225,1.06958,1,11,6.00000,6,107
1.00,5.94442,0.55987,1,9,3.00000,80,83
1.00,21.69450,1.91877,12,12,12.00000,7,76
1.00,30.83333,2.10177,1,10,4.00000,27,85
1.00,12.53475,1.24153,1,11,6.00000,15,87
